-5.387480890011232759e+00
-4.603682449550744238e+00
-3.944764040115624759e+00
-3.347854567383216295e+00
-2.788806058428130452e+00
-2.254974002089275231e+00
-1.738537712116586142e+00
-1.234076215395322862e+00
-7.374737285453943914e-01
-2.453407083009012113e-01
2.453407083009012113e-01
7.374737285453943914e-01
1.234076215395322862e+00
1.738537712116586142e+00
2.254974002089275231e+00
2.788806058428130452e+00
3.347854567383216295e+00
3.944764040115624759e+00
4.603682449550744238e+00
5.387480890011232759e+00
