1.334007342428809473e+00
7.080767757676512675e-01
3.339749010577955923e-01
1.150171787892130260e-01
1.334543030156683241e-02
9.606038344343434746e-03
9.277197053898285362e-02
2.564100845484527103e-01
4.970398172108278501e-01
8.133581634632131019e-01
8.133581634632131019e-01
4.970398172108278501e-01
2.564100845484527103e-01
9.277197053898285362e-02
9.606038344343434746e-03
1.334543030156683241e-02
1.150171787892130260e-01
3.339749010577955923e-01
7.080767757676512675e-01
1.334007342428809473e+00
