     -0.836854      -0.172280
      0.187117       1.615440
     -0.176774       0.653145
     -0.546364       0.194146
      0.925709       1.204321
      1.530555      -1.355560
      0.051489       1.020178
     -1.226161       0.708497
      0.871673      -0.789721
      0.332079       0.205603
     -0.169367      -0.318417
     -0.295643       0.522291
     -2.231051       0.258274
     -0.087776      -1.646849
      0.286812       0.299986
      1.103911       0.742706
     -0.157581      -0.597687
      0.659809      -0.032814
      1.165117      -1.048000
      0.817815      -1.407295
      0.519206      -0.733439
      0.325304      -0.042867
     -0.871454       0.771570
      0.009888      -0.894773
     -0.649426      -0.008694
      1.877266      -2.478562
     -1.683676      -0.764296
      0.145749       0.221329
      2.396798       1.911284
      1.696142       0.808025
      2.787479       0.027507
      0.104824       1.780113
      0.297616       0.468358
      0.190965       1.196646
      1.750470       1.277473
     -0.953632      -2.452667
      1.734410      -0.809173
     -0.457514       0.033313
     -0.767572      -0.373835
      0.911470      -0.453039
     -1.146786       0.182677
      1.754539       1.039724
      1.233262      -0.041476
     -1.787372      -1.364420
     -0.086359      -0.083490
      0.628562       0.907923
     -1.258543       0.767969
     -0.420092      -0.481648
     -0.535585      -1.642489
      0.784261       0.252396
     -0.375808      -0.550798
     -0.218086      -0.227155
     -2.207984      -0.864216
     -0.348305      -0.864046
     -2.327583      -1.755183
      0.074174      -0.401233
     -1.131447       2.555162
      2.533792      -0.038360
      0.647281       1.361483
     -1.020212      -0.248094
      0.853521       0.293779
      1.420598      -1.261484
     -1.017622      -1.007561
      0.548881      -0.103844
     -0.845014       1.543715
     -0.105239       1.379530
      1.959463      -0.411930
      1.426081      -0.001228
      0.990905       0.930069
     -0.220419      -0.365079
      1.764192      -0.512180
      1.819217       0.211716
      0.400124       0.804171
     -0.253789       1.672556
     -0.119492       0.820583
      0.594701      -0.532726
      0.264659      -0.105042
      0.069481      -1.424004
      0.094334       0.983068
      0.981545      -0.237806
      0.604024      -0.568236
      0.289689       0.857005
      0.268209      -0.801899
      0.619294       0.521363
     -0.582030       1.965544
     -0.605211      -1.850215
      0.264141      -0.471094
     -0.006586       0.291469
      1.534928       0.945013
      1.576999      -0.193945
     -1.133932      -0.269333
     -0.807789       1.532177
      0.041137       0.045154
      0.933655       0.518353
     -0.054627      -0.032596
      0.152420      -0.656106
     -1.654648      -0.588961
      0.211775       2.727836
      0.243170      -2.271585
     -0.490136      -1.350206
     -0.611868      -0.873119
      0.711426      -0.642958
      1.177543       0.352224
     -0.290470      -0.345057
     -1.096122       1.162334
     -0.839174      -0.029395
      0.500645      -0.708689
      0.272275      -1.445166
      0.925093      -1.000354
     -1.039287       0.874800
     -1.589969      -0.452783
     -1.360405      -0.533126
     -1.439163       1.061967
      0.084406      -1.153338
     -0.959179       1.448722
     -0.664477       0.212257
     -0.400239      -0.593123
     -1.974315      -0.258643
      0.246240      -2.301514
      0.997151       0.535755
      0.488483       1.457698
      0.260235      -0.800082
     -0.921122       1.112623
      1.201407       1.262202
      2.033637       2.705264
      0.952576       0.509901
     -1.655708      -1.449031
     -0.002150       0.005934
      1.177831      -1.083229
      1.109652       2.831051
     -0.302924      -1.740271
      0.461642       0.363784
      0.226700       0.038406
      0.602117       1.434679
      0.083697       0.654946
      0.027560      -0.092120
      0.593990       0.241803
      1.779723      -0.462229
     -0.579505       0.787371
      0.680106       1.660014
      0.419548       1.864875
      0.105615      -1.246435
      0.397770      -1.063711
     -0.322516       1.440455
     -0.166434      -0.017914
      0.287295       0.641698
     -0.784715       1.239403
     -2.192399      -0.677210
      2.114101       0.278597
      0.171124      -0.332814
      0.498266      -0.808685
      0.426788      -1.376343
     -1.412539      -0.614998
     -0.298795      -0.152248
      0.377823      -1.838634
      1.117854      -0.382679
     -0.681462       0.028315
      0.181607       1.341994
     -1.666921       0.605661
     -0.520212      -1.984813
      0.726683       0.789708
     -0.381090      -0.339716
      0.713870      -0.006988
      0.236104      -0.547477
     -1.076232      -0.029773
     -1.153429       0.377476
     -0.100250       0.004021
      0.448424      -0.040582
      0.709460       0.501422
     -0.501209       1.832451
     -0.708223       1.241415
     -0.370764      -0.270089
     -1.696517      -0.156255
     -1.100948       1.379943
     -0.745288       0.371126
     -1.427123       1.874044
     -0.583048       0.779270
     -2.110799       0.911243
      0.502213      -1.278080
     -0.156815      -0.263391
     -0.104862       0.715906
     -2.811459      -0.237635
      1.393922       2.406125
      0.267379       1.531787
     -0.614005      -0.521482
      0.570315       0.662625
     -0.620237      -0.494427
     -0.323338       1.639258
     -0.299452       0.295900
      0.299674      -0.928528
     -0.146906       0.470164
     -0.000844      -2.356928
      0.527932       2.084101
     -1.315317       1.177338
      0.369156      -0.628084
     -0.760413      -2.805602
     -1.664431      -0.219114
      0.702006      -1.167578
      0.018805       0.464210
     -0.305491       0.640354
     -1.064992      -0.624456
      0.194770       1.998227
     -0.052733       0.078441
      0.313684      -1.139834
     -0.915797      -2.057542
     -0.042404      -0.048538
     -0.834110      -0.089885
     -1.857321       1.450520
      1.869705      -1.257390
     -0.778618      -0.006194
      0.306191      -0.716471
      1.043799       1.213133
     -0.193126      -0.342386
     -2.365871       0.561673
     -0.635494       0.873561
      1.852356      -0.075796
     -1.809333      -0.346294
      1.066837      -0.223286
     -1.409061       0.378445
     -1.287339      -0.684024
     -2.289769       1.672949
     -0.393247      -0.579191
      0.624738      -0.104779
     -0.107901      -1.284674
      0.083988      -1.362623
      0.680675      -0.535307
      0.137624      -2.173157
      0.609109       1.092375
      0.766422      -0.991646
      1.155835      -0.763404
      1.696772      -0.415726
     -1.383439      -0.740324
     -0.614102       0.693776
      0.773375      -0.054967
      0.932938      -0.654422
      1.251949       0.136782
     -2.560683      -0.142592
     -0.879419      -0.767684
      1.947619      -1.025543
      0.736360       0.554792
      1.830429       0.237392
     -0.172145      -1.507012
      1.707029       1.474923
     -0.260766      -0.867853
      1.091234       0.123326
     -0.212243      -0.070868
      0.777626       0.584747
     -0.702819       1.880573
     -0.471509      -1.194015
      0.629485      -0.718293
      0.086709       0.051088
      1.073799       0.270226
     -1.219840       0.021133
     -1.241752       0.087183
      2.655151       0.670329
      0.412485       2.479523
     -2.107409       0.429708
     -0.864760      -0.410180
      0.858964       1.742825
      0.745477       1.665247
     -0.016771      -1.199983
     -0.018055       0.827954
     -0.138460      -0.346142
     -0.670568       1.919211
      1.690749       2.132981
      1.591330       1.058452
      0.720565       0.085804
      0.022033       1.922323
     -0.195684      -0.851981
     -0.524270      -0.769212
      1.397395       1.021997
     -1.638032      -0.084521
      1.473089      -0.826419
      0.975809       0.701230
      0.461919       0.723371
      0.283888      -0.544252
      0.226872       0.635083
      0.733180      -1.527633
     -0.376343       1.471901
     -1.172988       3.011868
     -1.787320       2.695466
     -1.062024       0.019210
     -0.259935       0.790104
     -1.491540       0.735241
      0.185820       0.534639
     -0.699824      -1.168885
      1.395530      -1.675496
     -0.143795      -0.905977
     -0.454141      -1.709336
     -0.381928       2.522188
     -0.951710      -0.206189
      1.201265      -0.701437
      0.258832       0.289124
      1.299102      -0.368564
      0.145292       2.005499
     -1.033754       0.842012
      0.060729       0.402424
      0.205641       1.735597
      0.670528      -1.765251
     -0.349936       0.156723
     -0.376947       1.302715
      1.040049      -0.213548
      1.179136      -1.923660
      0.914147       2.579739
     -0.183102       1.550102
     -0.303126       0.997244
     -0.599345       0.839011
      0.137393       0.112583
      0.948890      -0.871718
      0.041803      -0.886670
      1.767815      -1.627385
     -0.921148       0.050360
     -0.142518      -0.731623
      1.150247       1.328136
     -0.862903      -0.531932
      0.195166       1.845946
      0.431636       1.455822
     -1.118758       0.196377
     -1.550061      -1.123716
     -0.317832       0.461963
      1.119732      -1.471695
      0.294134      -0.841749
      1.004683      -0.188841
     -0.990401      -0.388538
      1.016676       1.130551
     -0.149825       2.006611
     -0.005954      -2.304101
      1.614814      -0.319309
     -1.142139      -1.749115
     -1.604355      -0.098909
      0.443834      -0.652232
     -0.328460      -0.923390
     -0.451900      -0.403145
      0.301122      -0.068993
     -0.791717       1.472789
     -0.909618      -1.484000
     -0.576854       0.545137
      0.307346      -1.078009
      2.728148      -0.294132
     -2.203918      -0.346227
     -1.873424      -0.821275
      0.577201       1.159475
     -2.101771      -0.017371
     -0.180111      -1.856877
     -0.832262      -0.433373
      0.599567       1.074526
      0.269782       0.257575
     -1.784180       1.383345
      0.972179       0.381497
      0.571521      -0.355624
      0.768728      -1.571299
     -0.499008      -0.135599
     -1.487107      -0.830610
      0.081227       1.448887
     -0.361155      -0.761534
     -0.125937       0.789567
      0.047971      -1.167532
     -1.401679      -0.162457
     -0.608904       2.102984
     -1.349661      -0.351294
      0.310628       0.316122
      1.770488       1.176024
      0.809307      -0.489678
      1.444596      -0.977245
      0.108711      -0.179806
      0.726335       0.564450
      1.580638      -0.679508
     -0.262969      -0.821090
     -0.110210      -0.586706
     -1.191179      -0.490603
     -0.328533       0.971254
      0.482908       0.973884
      0.315625      -2.127806
      0.480869       0.997073
      0.562919       1.595908
     -1.322858      -0.153285
      1.201464       1.245742
      0.913286      -1.228912
     -0.118177       0.548910
      0.130442       1.251791
     -0.379078      -0.140754
      0.054010      -0.270867
      1.122569       2.611771
      1.291844      -1.359081
      0.859883       0.284230
     -1.860886      -1.928769
      0.568388       0.158688
      2.354941       0.875437
     -0.862119       1.761837
      0.207976       0.398809
      0.500298      -0.205490
     -0.744666       0.341082
     -0.210084       0.071233
      0.903018       0.414257
      0.378020       0.400568
     -0.165590      -0.564143
      0.583743      -1.442332
      1.214969       1.259545
      0.141681       0.796522
      0.215429       1.040610
     -0.208783      -0.005400
      0.506207       0.695731
     -1.187118       0.503075
     -0.607572      -0.351126
     -0.770422      -1.995432
     -0.426301       0.486384
     -0.135977       0.560637
      0.214927       1.107047
      0.210305       0.883851
      0.183013      -0.825855
     -1.341981       0.833730
     -0.688620      -0.544162
      0.025673       2.158922
      0.182780      -1.032802
     -0.688239       0.725127
     -1.799322       0.040927
      0.159934       0.878235
     -0.542498       1.855163
     -0.290176      -0.955139
      0.813034      -0.915211
     -2.720974      -0.759402
     -0.352650       0.059806
     -0.082504       0.259288
     -1.278153      -0.089030
      2.157800       0.385501
      1.229241       1.039998
      0.993173      -0.395577
      0.211044      -1.001353
     -0.582386      -2.026401
     -0.442060       0.335050
     -0.976889       1.029960
     -0.821749      -0.647255
      1.699508      -0.972881
      0.233672      -0.336954
      0.202634       0.455634
     -0.991954       0.318609
      0.427275       1.487460
     -0.694258      -0.914139
     -1.813449      -0.149480
      1.241567      -0.764826
      0.345656      -0.672378
     -0.253230       0.718885
     -0.734811      -1.876276
     -0.555158      -0.447408
     -0.818261      -0.693531
      0.454657       2.096593
     -0.196621       0.764659
     -0.134152      -2.388544
      1.171729      -0.434204
     -0.355397       1.381576
      0.921906       0.167805
     -1.479047       1.261228
     -0.925965       0.911188
      0.939235      -0.399537
      0.627550      -1.435393
     -0.043824      -0.336396
     -0.913362      -0.700222
     -0.924771      -0.347529
     -0.829097       1.108947
     -0.460586       1.034005
     -0.495715      -0.355099
      0.220270      -0.266554
     -1.032802      -0.375557
     -0.442824      -0.968540
      0.735417       0.589936
      0.264496       0.246192
     -0.584981      -0.372506
     -0.169883       0.130535
     -0.421480      -0.302399
      0.918277       0.697831
     -0.763593      -0.734268
     -0.061535      -0.340025
     -1.268206       0.467148
     -1.048020      -2.002778
      1.157026       1.588781
      0.072122      -0.275683
      1.529754       0.536647
     -1.030673       0.649549
     -0.805765       0.115913
     -0.926086       0.369095
     -0.904805      -0.293563
     -0.378638      -1.850409
     -1.136577       1.415104
      0.226590      -0.247936
      1.229605      -0.501776
     -1.232704      -2.185598
     -0.556720       0.645706
      1.199000      -1.299350
      0.028525       0.872738
      0.351183      -1.168458
      2.218847      -0.254923
     -0.329214       0.188786
      0.481511       0.869842
     -1.767369      -2.221435
      1.400219       0.854805
      0.956353       0.190625
      0.854318      -0.215652
     -1.764101      -0.220529
      0.499518       0.763560
     -1.043502      -0.262664
      1.419086      -0.155841
      0.012125       0.334792
      1.084898      -1.096878
      1.539440      -0.297298
     -1.755766       1.025641
     -1.409135      -0.148829
     -0.132967      -1.116252
      2.034719       0.784383
     -1.262142      -0.763553
      0.377460       0.949250
     -0.948022      -1.730844
      0.108734      -0.638197
      2.296847       1.373245
     -1.023629       1.683336
     -2.010809      -0.086357
      0.559010      -0.220966
      0.643977      -0.775742
      0.213578       0.214691
      1.146551      -1.575121
     -0.433078       1.199390
      2.423901      -0.124551
     -1.570154       1.379486
      0.587618       1.893737
      1.379815      -1.960042
     -0.931381       0.203480
     -1.463061      -1.803166
      0.318817      -1.046590
     -1.359576      -1.476422
     -1.867141       0.683690
     -0.443724      -0.474407
      0.280312       0.071307
     -0.826818      -0.949221
      0.319620      -0.678354
      0.175767      -1.209240
     -0.931079       0.198495
      0.445630       0.046453
      0.099880      -1.131133
      0.597894      -0.932002
     -0.175004       1.690288
     -0.835043       0.638323
      1.038690      -0.193218
     -2.140206      -2.007194
     -0.760336       0.371076
      0.456408       0.725458
      0.554928       1.427868
      0.534663      -0.513773
      1.806117      -0.796256
     -0.528257      -0.808273
      1.427729       0.113781
     -1.299561       1.133444
     -0.400084      -1.611315
      0.376894      -0.158621
      1.192211       1.319451
      0.083236       1.057359
     -1.252251      -0.208469
     -0.269108      -0.502156
     -0.757672       0.311908
      0.784710       0.403012
      0.154873       0.978773
     -1.619305      -0.212079
      0.574044       1.990277
      1.778396       1.508017
      0.546339       0.015269
     -0.511247      -0.861264
      2.079243      -1.931611
     -0.513825       0.954837
     -0.115861       1.864927
     -0.503061      -2.351164
     -0.827672      -0.657502
      0.991577       0.044397
     -0.080777      -0.403309
      1.094806      -0.899305
     -0.509322      -0.681905
     -0.674724       0.528642
     -0.875061      -2.409137
      2.173222       0.393241
     -0.542457      -0.171224
      0.256974      -1.271210
      0.455334      -0.902481
      0.631299      -2.275040
     -2.062325       0.316731
     -0.741690      -0.169360
     -0.557224      -0.988953
     -0.805793      -0.506356
     -1.274452       1.225893
     -1.194704      -1.147329
      0.128791       0.414966
     -1.125377      -0.140150
     -1.161489      -1.330675
     -1.336876      -0.895776
      0.397977       1.223052
     -0.152583      -1.510386
      0.549690      -1.015849
      0.132486      -0.917872
      0.222489       0.019917
     -0.648975       0.506551
     -1.371535      -0.693084
      0.271826      -0.039976
     -0.144126       0.918038
      0.622472       0.186523
     -1.687998      -0.622703
      0.367804       0.527637
      0.273582      -0.442964
      0.034586       0.798684
     -1.717691      -0.063881
      1.564592       0.019378
      1.022605       0.349200
     -0.005994       2.561583
      0.957863       0.707535
      0.394332      -0.486866
      0.096682       0.143730
     -0.106705      -0.753275
      1.549224       0.256246
      0.682065      -0.027799
     -0.631532       0.505145
     -0.604786      -0.815847
      0.160369      -1.716294
     -0.290532       0.875924
     -2.197181       1.074203
      0.411246       0.797739
      1.440241       0.619554
      0.959355      -0.805359
      0.696510      -0.599913
      0.203255       1.325184
      1.905106       0.422643
      1.038991       0.708544
     -1.732674      -1.292948
     -0.047554       0.477557
      0.575175       0.290492
     -0.564164       0.907054
      1.110625       0.610351
     -1.215857      -0.742088
      0.914043      -1.223105
      0.123369      -0.972602
     -0.556165      -0.214142
      0.952271       0.650676
     -2.263051       1.115459
     -0.069981       0.368580
     -0.844864       0.811898
     -2.098577       1.053176
     -0.069074      -0.654209
      0.464298      -0.983013
      0.928239      -0.042827
     -0.021263      -0.286898
     -0.717168      -1.440656
     -1.265569      -1.502934
     -0.225471      -0.829268
     -0.159936      -0.178622
     -1.207137       0.210865
      0.016032       0.120513
     -1.042799      -2.034888
      2.143745      -0.434875
      0.409516      -0.211077
      0.277443      -0.202471
     -0.411943       0.025553
      0.151442      -0.721673
     -0.505441      -0.240709
      0.429482      -0.477447
     -0.928380       0.921266
      1.196100      -1.889169
      0.430139       0.622638
     -0.844822      -0.975253
     -0.482457      -0.320817
     -0.572994      -0.497105
     -0.098487      -2.191016
     -0.387689      -0.941694
      1.097794      -2.192276
      1.757450      -2.059652
      2.256410       1.372445
     -0.111885       1.812149
      1.716997       0.830022
      1.354230      -2.133271
      0.042951       0.248825
      0.357628       1.159353
     -1.655010      -0.795768
      0.049097       1.151058
     -1.277095      -1.744711
     -1.160845       1.018090
      1.267978       0.390457
      0.835063       2.656618
     -0.699892      -0.782789
     -1.608110      -0.644012
     -1.016542      -0.448075
      1.238930      -1.040369
      1.002287      -0.519482
     -0.475816      -0.119613
      2.869052      -0.007405
     -0.201517      -0.798025
      1.040597      -0.226077
      0.083323      -1.444117
      0.452431      -0.548957
     -0.119470      -1.407484
     -0.896373      -0.048845
      0.569319       0.665258
      0.693636      -0.486999
     -1.084231      -0.105425
      0.568180       0.601883
     -0.795673       0.666517
     -1.271206       0.912053
      0.093442       2.176758
      0.189010       0.883759
      1.037096       0.714158
      0.916729      -0.667582
     -0.660486       0.638055
     -0.238773      -1.869163
      0.379441       0.049461
     -0.173679       0.295015
     -0.200449       0.793905
      0.442593       0.047635
      0.861775      -0.752753
     -0.182317      -0.011751
      0.034105       1.509212
     -0.291831       0.458543
      0.653077       0.210438
      0.664809       1.223073
     -0.690489       0.871827
     -1.681253      -0.666309
     -0.298521       1.993609
      0.236394      -0.169577
     -0.281396      -1.270968
      1.297930      -0.578179
      1.197454      -1.708124
      0.236526       1.011044
     -0.776086       0.679232
      0.179795       0.205041
      0.416816       0.431607
      0.945363       0.892971
      0.471165       0.412383
      1.662399      -0.284913
      0.868771       0.201750
      1.519292       0.064921
     -0.120180      -0.968303
     -1.605003       1.469249
      1.680024      -0.680272
      0.815709       0.415065
     -0.736629      -0.143702
      1.645704      -0.829827
      0.723485       1.386732
      1.610260      -0.519685
      0.595574      -0.534503
      0.866931       0.794706
      1.100884      -1.476496
     -0.542915      -1.361714
     -1.664572      -0.291733
     -0.485638       0.144276
     -0.303716       1.233987
     -0.226517       1.196147
      0.078764      -0.302835
     -1.676927       1.333371
      0.325560      -0.703340
     -0.615920      -0.650200
      0.139717      -0.449684
      1.159715       0.739469
     -1.177561       0.940463
     -2.236631       1.875654
     -1.745449      -0.894416
     -0.496928       0.648066
      0.113074       1.237397
      1.181299       1.033154
      0.890457       0.636218
     -0.391760       0.489316
      0.578641      -0.729724
     -0.566969       0.675414
     -1.145391      -0.576544
      0.978763       2.244527
     -1.082931      -0.811198
      1.400590      -0.515664
     -0.948443       0.931632
     -0.862285       0.686715
      0.230927       0.069303
     -1.040888       0.209140
     -1.429925       0.993216
      0.446012      -0.606882
     -0.048146       1.290379
     -0.038673      -0.595041
     -1.330559      -1.338086
      0.900767       0.552883
     -1.078371      -0.946255
      0.447549      -0.570516
     -1.486924      -1.219251
      0.069010       0.473430
     -0.064281      -0.503561
     -1.244451      -0.341166
     -0.142390      -1.195496
      0.717535       0.111102
     -1.454275      -1.109893
      1.023266       0.147040
     -0.779421       2.537324
     -1.092328       0.398775
     -0.186614      -0.611985
     -1.787103       0.983316
     -2.367045      -1.568696
      0.067668      -0.495958
      1.728091       0.344561
     -0.935167       1.011125
     -1.574748       0.413536
     -0.662765       0.334800
     -0.920487      -0.423043
     -1.149103       0.034636
     -1.465504       0.090669
      1.970821       0.083147
      1.180094      -1.368823
     -0.140781      -0.673670
     -1.575007       2.032957
      0.023277       1.952403
      1.433285      -0.986103
      0.809003       0.882459
      0.060315       1.262260
     -2.516575       2.703129
      1.246244       2.202216
     -0.458010       0.464465
      1.815042      -1.160396
     -0.272782      -0.896575
      1.646464       0.754136
      0.707278       0.390540
     -1.119007       0.757730
     -0.600112      -1.682120
      0.490892      -0.523973
      0.056923      -0.172315
      0.633981      -2.950300
      0.805951      -1.631779
     -0.677215      -0.576672
      0.810415       0.025458
      0.726865       1.359354
     -0.143340       1.197966
      0.418560      -0.635881
     -0.385093       1.413063
      1.345850      -0.870062
      1.171311       0.158181
      0.518075       1.214806
      0.909961       2.531817
      1.980243      -0.103231
     -1.137367       0.766676
     -0.508302      -1.663594
     -0.539283       0.588086
      0.886518       0.822777
     -0.263563      -0.065154
      1.297149       0.814042
     -1.686816       0.843251
     -1.950933       0.441079
      0.356503       0.871732
     -0.678122      -1.374023
     -0.264195      -0.096848
      0.740100       0.365083
     -0.143310       0.007344
     -0.202416       1.728586
      1.165155       0.422650
     -0.819690      -0.591259
     -0.528322       0.608192
      0.474393       1.032118
      0.615151       0.599313
     -0.996029       0.592098
      0.048280       0.334585
     -0.493938      -0.796675
     -0.431045       0.838735
     -0.601437      -1.366368
      0.317349       0.807929
      1.803559       0.281573
     -1.273414      -1.090787
     -0.007418      -0.224872
     -0.722746      -0.715979
     -0.051147       1.949091
      0.254367      -0.217821
      0.363010      -1.284759
     -1.312303      -1.077124
     -0.309881      -1.014535
     -2.154384       0.139482
      1.270294      -0.765460
      0.959565       0.106558
     -0.568694      -0.704140
     -0.661455       0.895844
     -0.406941       0.734390
      0.308927      -1.333111
      0.722448      -0.199879
      0.632876      -0.572468
     -1.177084      -0.945259
      1.338952      -1.221756
     -2.013581       0.180652
      0.781666       0.028941
     -0.042941       0.202503
      0.736071       0.073323
      0.289841      -1.220119
     -0.857343      -0.426866
      1.008373      -1.116467
      0.187194      -1.682142
      0.306440      -0.250193
      0.172768      -0.476901
      0.984868      -0.866647
      0.571290       1.172051
     -0.270428       2.204023
     -1.137279      -0.513871
     -0.441948      -1.874861
      1.634678       1.061820
      1.660952      -1.615312
     -1.655296       1.107901
      0.950260       0.037656
      0.361065      -0.042415
      0.511619      -0.073648
     -0.234196      -1.039401
     -0.228395      -0.358762
     -0.850505       0.241578
     -0.980264       1.185171
      0.900529      -1.726300
      0.014969       1.293413
     -0.416782       0.340495
      1.176221      -0.613657
     -0.270451      -0.172020
      1.001767      -0.270511
     -2.169044      -0.849505
     -1.029615       0.491892
      1.496305       1.816804
      0.053072      -1.773616
     -0.115214      -1.691028
     -0.983151       1.520039
      0.142893       0.784498
      0.117352       1.170844
     -0.431796       1.127966
      1.750065      -0.569721
     -1.742932       1.477809
     -0.784209       0.361185
     -0.197122      -0.298203
      0.860405       0.321334
      0.363536       1.435685
      1.418069       0.347982
     -0.768439       0.254929
     -1.171773       0.358982
      0.142675      -0.765047
     -1.512736      -0.580448
      0.768973      -0.556828
      0.555403      -2.648798
     -1.342525       0.671779
      2.519971      -0.372100
     -0.381419       1.317758
      1.304031      -0.541882
     -0.523896      -0.188568
      1.710024       1.599021
     -0.598237       0.790441
     -1.061044       0.538676
      0.303380      -0.349923
      0.765462      -0.492347
      1.983878       0.631932
      0.377655      -1.445844
     -0.058106      -0.052646
      1.640857       0.052411
     -0.903983      -0.275795
      0.119274       2.013736
     -0.276521       1.950683
      1.058239       1.072951
     -0.964681       0.470419
     -0.560324       0.838370
     -0.884494      -0.373134
      0.272277       0.669733
     -0.560133      -0.421492
     -0.889850      -1.052562
     -0.320736      -0.153569
     -0.769162       1.058936
      0.188949       1.014267
      0.068668       0.742295
      0.854033       2.006708
     -1.166370       0.687982
      1.393475      -1.030907
     -0.205932      -1.214752
     -1.278611      -1.424126
      0.351473       0.463240
      0.522628      -0.620635
     -1.357491      -0.530229
      1.502000      -1.427187
      0.616455       0.150998
     -0.996193      -0.054557
     -0.186614       3.204667
     -0.780088      -0.583618
     -0.871422       0.367120
     -0.541371      -0.559176
     -0.840146       1.404609
     -1.422944       0.026111
      0.773600       1.202532
     -0.087485      -2.137199
      0.251756       0.714314
     -0.084281      -1.146451
     -0.007538      -0.879405
     -0.281505      -1.132441
      0.438524       1.447516
      0.935977       0.769007
      0.315425       0.279945
      1.727265      -1.726993
      0.504399      -1.299317
      0.733541       0.729258
     -0.162792       0.540333
     -1.373617       0.679032
      0.893593      -1.527417
      2.568760      -0.266204
      0.000179       0.008289
     -0.607786      -2.393132
     -0.036481      -0.002462
      0.983368       1.460121
      0.003877       0.563531
     -1.025699      -0.953491
     -0.292014       0.605918
     -2.821413       0.899542
      0.777630      -0.258796
      2.368199       1.378462
