 0.001 0.9928090179637616 
 0.002 0.992809015444755 
 0.003 0.9999999999255172 
 0.004 1.0000000000744276 
 0.005 0.9999999999254918 
 0.006 1.0000000000744067 
 0.007 0.9999999999254667 
 0.008 1.0000000000743845 
 0.009000000000000001 0.9999999999254439 
 0.010000000000000002 1.0000000000743645 
 0.011000000000000003 0.9999999999254197 
 0.012000000000000004 1.0000000000743374 
 0.013000000000000005 0.9999999999254006 
 0.014000000000000005 1.0000000000743152 
 0.015000000000000006 0.9999999999253766 
 0.016000000000000007 1.0000000000742897 
 0.017000000000000008 0.9999999999253584 
 0.01800000000000001 1.0000000000742626 
 0.01900000000000001 0.999999999925339 
 0.02000000000000001 1.0000000000742375 
 0.02100000000000001 0.9999999999253225 
 0.022000000000000013 1.000000000074208 
 0.023000000000000013 0.9999999999253044 
 0.024000000000000014 1.000000000074183 
 0.025000000000000015 0.9999999999252868 
 0.026000000000000016 1.000000000074148 
 0.027000000000000017 0.9999999999252728 
 0.028000000000000018 1.0000000000741227 
 0.02900000000000002 0.9999999999252556 
 0.03000000000000002 1.0000000000740898 
 0.03100000000000002 0.9999999999252458 
 0.03200000000000002 1.000000000074058 
 0.03300000000000002 0.9999999999252316 
 0.03400000000000002 1.000000000074028 
 0.035000000000000024 0.9999999999252209 
 0.036000000000000025 1.000000000073992 
 0.037000000000000026 0.9999999999252109 
 0.03800000000000003 1.000000000073959 
 0.03900000000000003 0.9999999999251982 
 0.04000000000000003 1.0000000000739249 
 0.04100000000000003 0.9999999999251924 
 0.04200000000000003 1.0000000000738871 
 0.04300000000000003 0.9999999999251828 
 0.04400000000000003 1.0000000000738518 
 0.04500000000000003 0.9999999999251774 
 0.046000000000000034 1.000000000073816 
 0.047000000000000035 0.9999999999251709 
 0.048000000000000036 1.0000000000737772 
 0.04900000000000004 0.9999999999251662 
 0.05000000000000004 1.0000000000737388 
 0.05100000000000004 0.9999999999251614 
 0.05200000000000004 1.0000000000737 
 0.05300000000000004 0.9999999999251598 
 0.05400000000000004 1.000000000073661 
 0.05500000000000004 0.9999999999251573 
 0.05600000000000004 1.00000000007362 
 0.057000000000000044 0.9999999999251546 
 0.058000000000000045 1.0000000000735765 
 0.059000000000000045 0.9999999999251564 
 0.060000000000000046 1.0000000000735363 
 0.06100000000000005 0.9999999999251578 
 0.06200000000000005 1.0000000000734937 
 0.06300000000000004 0.999999999925159 
 0.06400000000000004 1.000000000073449 
 0.06500000000000004 0.9999999999251605 
 0.06600000000000004 1.0000000000734048 
 0.06700000000000005 0.9999999999251661 
 0.06800000000000005 1.0000000000733622 
 0.06900000000000005 0.9999999999251717 
 0.07000000000000005 1.0000000000733147 
 0.07100000000000005 0.999999999925178 
 0.07200000000000005 1.0000000000732694 
 0.07300000000000005 0.9999999999251827 
 0.07400000000000005 1.0000000000732217 
 0.07500000000000005 0.999999999925193 
 0.07600000000000005 1.0000000000731741 
 0.07700000000000005 0.9999999999252006 
 0.07800000000000006 1.000000000073128 
 0.07900000000000006 0.9999999999252106 
 0.08000000000000006 1.0000000000730778 
 0.08100000000000006 0.9999999999252231 
 0.08200000000000006 1.0000000000730285 
 0.08300000000000006 0.999999999925234 
 0.08400000000000006 1.0000000000729785 
 0.08500000000000006 0.999999999925247 
 0.08600000000000006 1.0000000000729286 
 0.08700000000000006 0.999999999925262 
 0.08800000000000006 1.0000000000728781 
 0.08900000000000007 0.9999999999252781 
 0.09000000000000007 1.0000000000728235 
 0.09100000000000007 0.9999999999252924 
 0.09200000000000007 1.000000000072775 
 0.09300000000000007 0.9999999999253097 
 0.09400000000000007 1.0000000000727194 
 0.09500000000000007 0.999999999925332 
 0.09600000000000007 1.0000000000726663 
 0.09700000000000007 0.9999999999253488 
 0.09800000000000007 1.0000000000726126 
 0.09900000000000007 0.9999999999253709 
 0.10000000000000007 1.000000000072558 
 0.10100000000000008 0.9999999999253899 
 0.10200000000000008 1.0000000000725018 
 0.10300000000000008 0.9999999999254141 
 0.10400000000000008 1.0000000000724467 
 0.10500000000000008 0.9999999999254378 
 0.10600000000000008 1.0000000000723912 
 0.10700000000000008 0.9999999999254632 
 0.10800000000000008 1.0000000000723341 
 0.10900000000000008 0.9999999999254879 
 0.11000000000000008 1.0000000000722784 
 0.11100000000000008 0.9999999999255165 
 0.11200000000000009 1.0000000000722198 
 0.11300000000000009 0.9999999999255448 
 0.11400000000000009 1.0000000000721592 
 0.11500000000000009 0.9999999999255729 
 0.11600000000000009 1.0000000000721048 
 0.11700000000000009 0.9999999999256033 
 0.11800000000000009 1.0000000000720415 
 0.11900000000000009 0.9999999999256359 
 0.12000000000000009 1.000000000071983 
 0.1210000000000001 0.9999999999256681 
 0.1220000000000001 1.0000000000719245 
 0.1230000000000001 0.9999999999257018 
 0.1240000000000001 1.000000000071864 
 0.12500000000000008 0.9999999999257377 
 0.12600000000000008 1.0000000000718023 
 0.12700000000000009 0.9999999999257699 
 0.12800000000000009 1.000000000071742 
 0.1290000000000001 0.9999999999258098 
 0.1300000000000001 1.0000000000716789 
 0.1310000000000001 0.9999999999258485 
 0.1320000000000001 1.0000000000716174 
 0.1330000000000001 0.9999999999258872 
 0.1340000000000001 1.0000000000715539 
 0.1350000000000001 0.9999999999259284 
 0.1360000000000001 1.0000000000714921 
 0.1370000000000001 0.9999999999259689 
 0.1380000000000001 1.0000000000714282 
 0.1390000000000001 0.9999999999260125 
 0.1400000000000001 1.0000000000713654 
 0.1410000000000001 0.9999999999260547 
 0.1420000000000001 1.0000000000713012 
 0.1430000000000001 0.999999999926103 
 0.1440000000000001 1.000000000071237 
 0.1450000000000001 0.999999999926149 
 0.1460000000000001 1.0000000000711722 
 0.1470000000000001 0.9999999999261954 
 0.1480000000000001 1.0000000000711078 
 0.1490000000000001 0.9999999999262447 
 0.1500000000000001 1.0000000000710416 
 0.1510000000000001 0.9999999999262928 
 0.1520000000000001 1.0000000000709766 
 0.1530000000000001 0.9999999999263454 
 0.1540000000000001 1.0000000000709124 
 0.1550000000000001 0.9999999999263982 
 0.1560000000000001 1.0000000000708464 
 0.1570000000000001 0.9999999999264522 
 0.1580000000000001 1.0000000000707772 
 0.1590000000000001 0.9999999999265045 
 0.16000000000000011 1.0000000000707128 
 0.16100000000000012 0.9999999999265633 
 0.16200000000000012 1.000000000070647 
 0.16300000000000012 0.999999999926619 
 0.16400000000000012 1.0000000000705784 
 0.16500000000000012 0.9999999999266772 
 0.16600000000000012 1.0000000000705123 
 0.16700000000000012 0.9999999999267357 
 0.16800000000000012 1.000000000070445 
 0.16900000000000012 0.9999999999268007 
 0.17000000000000012 1.000000000070379 
 0.17100000000000012 0.9999999999268624 
 0.17200000000000013 1.0000000000703098 
 0.17300000000000013 0.999999999926924 
 0.17400000000000013 1.0000000000702434 
 0.17500000000000013 0.9999999999269884 
 0.17600000000000013 1.0000000000701768 
 0.17700000000000013 0.9999999999270545 
 0.17800000000000013 1.0000000000701061 
 0.17900000000000013 0.9999999999271245 
 0.18000000000000013 1.0000000000700418 
 0.18100000000000013 0.9999999999271922 
 0.18200000000000013 1.0000000000699725 
 0.18300000000000013 0.9999999999272602 
 0.18400000000000014 1.0000000000699039 
 0.18500000000000014 0.9999999999273321 
 0.18600000000000014 1.0000000000698368 
 0.18700000000000014 0.9999999999274062 
 0.18800000000000014 1.0000000000697673 
 0.18900000000000014 0.9999999999274798 
 0.19000000000000014 1.0000000000697018 
 0.19100000000000014 0.9999999999275547 
 0.19200000000000014 1.0000000000696332 
 0.19300000000000014 0.9999999999276328 
 0.19400000000000014 1.0000000000695661 
 0.19500000000000015 0.9999999999277113 
 0.19600000000000015 1.0000000000694973 
 0.19700000000000015 0.9999999999277898 
 0.19800000000000015 1.0000000000694296 
 0.19900000000000015 0.9999999999278714 
 0.20000000000000015 1.0000000000693625 
8 
