 0.001 -0.1373757631530577 0.22610975778673398 0.05912191088061558 -0.47551035748481196 0.2707204001760565 0.24431302350083692 0.022529239312346322 0.356704116676415 -0.17077756175451939 -0.31123613318826504 0.23169331235152038 0.1674122959482525 -0.3760831465170629 0.10828901289004861 -0.29656815880870574 -0.8463945985888995 -0.06324343815642239 -0.3095473583865438 -0.034361960629818125 -0.26827258631716977
 0.002 -0.13737579071653094 0.22610980315405438 0.05912192274300798 -0.47551045289259514 0.2707204544941861 0.24431307252051357 0.022529243832678517 0.35670418824656797 -0.1707775960198268 -0.31123619563558935 0.23169335883914144 0.16741232953834317 -0.3760832219754809 0.10828903461747157 -0.29656821831300495 -0.8463947684119771 -0.06324345084577003 -0.3095474204950274 -0.03436196752430199 -0.2682726401441629
 0.003 -0.13737583665563585 0.22610987876622674 0.05912194251365459 -0.47551061190550753 0.27072054502436826 0.24431315421994407 0.022529251366562694 0.35670430753011156 -0.17077765312865115 -0.31123629971442424 0.23169343631848086 0.1674123855218067 -0.3760833477394637 0.10828907082982962 -0.29656831748679985 -0.8463950514503338 -0.06324347199467485 -0.30954752400912805 -0.034361979015104134 -0.26827272985578454
 0.004 -0.1373759009703466 0.22610998462320864 0.0591219701925443 -0.47551083452345994 0.2707206717665521 0.2443132685990826 0.022529261913994618 0.3567044745269789 -0.17077773308096034 -0.3112364454247113 0.23169354478949516 0.16741246389861164 -0.3760835238089409 0.10828912152710243 -0.29656845633003476 -0.8463954477038107 -0.06324350160312499 -0.30954766892878754 -0.03436199510221811 -0.2682728554519843
 0.005 -0.13737598366062712 0.22611012072494063 0.05912200577966159 -0.4755111207463274 0.2707208347206666 0.2443134156578649 0.022529275474968375 0.3567046892370762 -0.1707778358767095 -0.31123663276636876 0.23169368425212347 0.16741256466871401 -0.3760837501838135 0.10828918670926156 -0.29656863484263174 -0.8463959571721855 -0.06324353967110381 -0.30954785525392464 -0.03436201578563488 -0.26827301693269173
 0.006 -0.13737608472643098 0.22611028707134637 0.059122049274986474 -0.47551147057394927 0.2707210338866202 0.24431359539620848 0.02252929204947635 0.356704951660283 -0.17077796151584093 -0.31123686173929144 0.2316938547062875 0.16741268783205723 -0.3760840268639546 0.10828926637627041 -0.29656885302449065 -0.8463965798551722 -0.06324358619858995 -0.3095480829844347 -0.034362041065342845 -0.2682732142978162
 0.007 -0.13737620416770147 0.22611048366233244 0.05912210067849454 -0.4755118840061292 0.2707212692643011 0.24431380781401243 0.02252931163750924 0.3567052617964519 -0.17077810999828413 -0.3112371323433508 0.23169405615189156 0.16741283338857219 -0.3760843538492088 0.10828936052808427 -0.296569110875489 -0.8463973157524214 -0.06324364118555731 -0.30954835212018994 -0.03436207094132781 -0.2682734475472469
 0.008 -0.13737634198437154 0.22611071049778853 0.05912215999015694 -0.47551236104263517 0.27072154085357725 0.24431405291115754 0.02252933423905605 0.3567056196454089 -0.17077828132395576 -0.31123744457839503 0.23169428858882263 0.1674130013381772 -0.37608473113939256 0.10828946916465029 -0.296569408395482 -0.8463981648635198 -0.06324370463197501 -0.30954866266103925 -0.034362105413573006 -0.268273716680853
 0.009000000000000001 -0.13737649817636385 0.2261109675775873 0.05912222720994039 -0.4755129016831994 0.27072184865429616 0.24431433068750624 0.022529359854104095 0.3567060252069532 -0.17077847549275962 -0.31123779844424887 0.2316945520169502 0.16741319168077795 -0.37608515873429416 0.1082895922859075 -0.29656974558430277 -0.846399127187991 -0.06324377653780745 -0.3095490146068084 -0.034362144482059084 -0.2682740216984833
 0.010000000000000002 -0.13737667274359072 0.22611125490158449 0.05912230233780715 -0.4755135059275184 0.2707221926662851 0.2443146411429026 0.022529388482639 0.35670647848085707 -0.17077869250458677 -0.31123819394071367 0.23169484643612642 0.16741340441626765 -0.3760856366336736 0.10828972989178678 -0.296570122441762 -0.8464002027252949 -0.06324385690301426 -0.3095494079572998 -0.03436218814676412 -0.2682743625999667
 0.011000000000000003 -0.13737686568595417 0.2261115724696188 0.05912238537371506 -0.47551417377525307 0.27072257288935103 0.2443149842771724 0.022529420124644692 0.35670697946686614 -0.1707789323593154 -0.31123863106756744 0.23169517184618607 0.1674136395445269 -0.37608616483726265 0.10828988198221091 -0.2965705389676482 -0.8464013914748277 -0.06324394572755035 -0.30954984271229263 -0.0343622364076636 -0.2682747393851118
 0.012000000000000004 -0.13737707700334592 0.22611192028151203 0.0591224763176175 -0.4755149052260286 0.2707229893232805 0.24431536009012306 0.022529454780103417 0.35670752816469925 -0.17077919505681088 -0.3112391098245648 0.2316955282469465 0.1674138970654237 -0.37608674334476483 0.10829004855709454 -0.2965709951617275 -0.8464026934359223 -0.06324404301136585 -0.30955031887154294 -0.03436228926473044 -0.26827515205370717
 0.013000000000000005 -0.13737730669564735 0.22611229833706892 0.05912257516946345 -0.47551570027943435 0.2707234419678397 0.2443157685815436 0.02252949244899572 0.3567081245740484 -0.17077948059692577 -0.31123963021143713 0.23169591563820766 0.16741417697881353 -0.37608737215585547 0.10829022961634414 -0.29657149102374397 -0.846404108607848 -0.06324414875440616 -0.3095508364347835 -0.03436234671793498 -0.2682756006055212
 0.014000000000000005 -0.13737755476272956 0.2261127066360773 0.0591226819291974 -0.47551655893502415 0.2707239308227747 0.24431620975120477 0.02252953313130046 0.35670876869457885 -0.1707797889794998 -0.31124019222789234 0.23169633401975212 0.16741447928453929 -0.37608805127018163 0.10829042515985812 -0.29657202655341924 -0.8464056369898103 -0.06324426295661194 -0.3095513954017238 -0.03436240876724496 -0.2682760850403021
 0.015000000000000006 -0.1373778212044533 0.226113145178308 0.05912279659675945 -0.47551748119231607 0.270724455887811 0.24431668359885897 0.022529576826994805 0.35670946052592906 -0.1707801202043599 -0.3112407958736149 0.23169678339134508 0.16741480398243128 -0.3760887806873621 0.10829063518752671 -0.29657260175045275 -0.8464072785809515 -0.06324438561791908 -0.30955199577205006 -0.03436247541262556 -0.268276605357778
 0.016000000000000007 -0.13737810602066902 0.2261136139635149 0.05912291917208524 -0.4755184670507925 0.27072501716265407 0.24431719012424022 0.022529623536054227 0.35671020006771076 -0.17078047427132015 -0.31124144114826613 0.2316972637527343 0.16741515107230728 -0.37608956040698754 0.10829085969923205 -0.29657321661452163 -0.8464090333803503 -0.06324451673825873 -0.3095526375454254 -0.034362546654039386 -0.2682771615576568
 0.017000000000000008 -0.13737840921121688 0.22611411299143488 0.059123049655105966 -0.4755195165099001 0.27072561464698874 0.24431772932706428 0.022529673258452513 0.3567109873195089 -0.17078085118018183 -0.31124212805148377 0.2316977751036502 0.1674155205539725 -0.37609039042862036 0.10829109869484811 -0.29657387114528083 -0.8464109013870218 -0.06324465631755732 -0.30955332072148956 -0.034362622491446435 -0.2682777536396264
 0.01800000000000001 -0.13737873077592674 0.22611464226178787 0.059123188045748405 -0.4755206295690499 0.27072624834047976 0.24431830120702847 0.022529725994161757 0.3567118222808816 -0.1707812509307334 -0.31124285658288237 0.23169831744380576 0.16741591242721954 -0.37609127075179466 0.10829135217424077 -0.296574565342363 -0.8464128825999174 -0.0632448043557365 -0.30955404529985914 -0.03436270292480415 -0.2682783816033545
 0.01900000000000001 -0.13737907071461808 0.22611520177427682 0.05912333434393488 -0.47552180622761714 0.27072691824277145 0.24431890576381185 0.022529781743152358 0.35671270495136026 -0.17078167352275053 -0.311243626742053 0.23169889077289663 0.1674163266918285 -0.37609220137601634 0.10829162013726776 -0.29657529920537845 -0.8464149770179255 -0.06324496085271318 -0.30955481128012746 -0.0343627879540674 -0.26827904544848863
 0.02000000000000001 -0.13737942902710015 0.2261157915285877 0.059123488549583283 -0.4755230464849415 0.2707276243534878 0.24431954299707515 0.02252984050539303 0.35671363533044953 -0.17078211895599602 -0.3112444385285635 0.231699495090601 0.16741676334756683 -0.37609318230076316 0.10829190258377869 -0.2965760727339154 -0.8464171846398703 -0.06324512580839954 -0.30955561866186465 -0.03436287757918845 -0.26827974517465625
 0.02100000000000001 -0.13737980571317182 0.22611641152438955 0.059123650662607066 -0.4755243503403268 0.27072836667223255 0.2443202129064607 0.02252990228085079 0.35671461341762717 -0.17078258723021988 -0.3112452919419581 0.23170013039657975 0.1674172223941895 -0.37609421352548456 0.10829219951361503 -0.29657688592753967 -0.846419505464513 -0.063245299222703 -0.3095564674446175 -0.034362971800117 -0.2682804807814646
 0.022000000000000013 -0.1373802007726217 0.22611706176133436 0.05912382068291525 -0.4755257177930414 0.2707291451985891 0.24432091549159252 0.022529967069490977 0.35671563921234434 -0.17078307834515932 -0.311246186981758 0.23170079669047627 0.16741770383143886 -0.3760952950496018 0.10829251092661016 -0.2965777387857949 -0.846421939490551 -0.06324548109552622 -0.30955735762790976 -0.034363070616800176 -0.26828125226850086
 0.023000000000000013 -0.13738061420522807 0.22611774223905726 0.05912399861041242 -0.47552714884231784 0.2707299599321205 0.24432165075207632 0.02253003487127722 0.3567167127140253 -0.1707835923005387 -0.3112471236474608 0.23170149397191667 0.16741820765904472 -0.37609642687250794 0.10829283682258929 -0.29657863130820245 -0.8464244867166183 -0.06324567142676714 -0.3095582892112418 -0.034363174029182514 -0.2682820596353321
 0.024000000000000014 -0.13738104601075893 0.2261184529571763 0.059124184444998715 -0.4755286434873529 0.27073081087236955 0.24432241868749946 0.022530105686171475 0.3567178339220675 -0.17078412909606955 -0.3112481019385409 0.2317022222405096 0.16741873387672435 -0.3760976089935677 0.10829317720136952 -0.2965795634942614 -0.8464271471412854 -0.06324587021631894 -0.30955926219409075 -0.03436328203720598 -0.26828290288150514
 0.025000000000000015 -0.1373814961889719 0.22611919391529267 0.05912437818656985 -0.47553020172730787 0.27073169801885866 0.24432321929743098 0.022530179514133997 0.35671900283584185 -0.17078468873145067 -0.3112491218544492 0.23170298149584637 0.1674192824841824 -0.37609884141211775 0.10829353206275984 -0.2965805353434486 -0.8464299207630592 -0.06324607746407007 -0.3095602765759106 -0.034363394640809966 -0.2682837820065468
 0.026000000000000016 -0.1373819647396144 0.2261199651129905 0.05912457983501709 -0.47553182356130824 0.27073262137108994 0.24432405258142154 0.022530256355123353 0.3567202194546923 -0.17078527120636797 -0.31125018339461336 0.23170377173750087 0.167419853481111 -0.3761001241274664 0.10829390140656109 -0.29658154685521865 -0.8464328075803832 -0.06324629316990421 -0.30956133235613215 -0.03436351183993127 -0.26828469700996366
 0.027000000000000017 -0.1373824516624234 0.22612076654983704 0.059124789390227264 -0.4755335089884438 0.27073358092854527 0.24432491853900354 0.022530336209096422 0.35672148377793605 -0.17078587652049457 -0.31125128655843765 0.2317045929650296 0.1674204468671897 -0.3761014571388938 0.108294285232566 -0.2965825980290039 -0.8464358075916373 -0.0632465173337003 -0.3095624295341628 -0.03436363363450412 -0.26828564789124226
 0.028000000000000018 -0.13738295695712574 0.2261215982253825 0.05912500685208279 -0.4755352580077688 0.2707345766906861 0.244325817169691 0.02253041907600839 0.3567227958048636 -0.17078650467349077 -0.31125243134530295 0.23170544517797173 0.16742106264208553 -0.3761028404456519 0.10829468354055917 -0.29658368886421443 -0.8464389207951378 -0.06324674995533255 -0.30956356810938684 -0.03436376002446017 -0.268286634649849
 0.02900000000000002 -0.13738348062343778 0.22612246013916015 0.059125232220461614 -0.47553707061830164 0.2707356086569537 0.24432674847297964 0.022530504955812755 0.3567241555347387 -0.17078715566500405 -0.3112536177545669 0.231706328375849 0.1674217008054529 -0.3761042740469644 0.10829509633031709 -0.2965848193602381 -0.8464421471891378 -0.06324699103467042 -0.30956474808116535 -0.034363891009728496 -0.26828765728523
 0.03000000000000002 -0.1373840226610657 0.22612335229068634 0.05912546549523728 -0.47553894681902514 0.2707366768267689 0.2443277124483468 0.02253059384846132 0.35672556296679825 -0.1707878294946691 -0.3112548457855636 0.2317072425581658 0.16742236135693372 -0.3761057579420268 0.1082955236016081 -0.29658598951644055 -0.8464454867718266 -0.06324724057157863 -0.30956596944883613 -0.03436402659023559 -0.26828871579681157
 0.03100000000000002 -0.1373845830697053 0.22612427467946042 0.05912570667627887 -0.47554088660888644 0.2707377811995323 0.2443287090952516 0.022530685753904205 0.3567270181002525 -0.17078852616210782 -0.31125611543760406 0.2317081877244091 0.1674230442961573 -0.3761072921300064 0.10829596535419243 -0.29658719933216504 -0.8464489395413304 -0.06324749856591713 -0.30956723221171384 -0.03436416676590536 -0.2682898101839996
 0.03200000000000002 -0.13738516184904212 0.22612522730496476 0.05912595576345106 -0.47554288998679706 0.27073892177462416 0.24432973841313468 0.022530780672089835 0.35672852093428487 -0.17078924566692924 -0.31125742670997575 0.23170916387404852 0.16742374962274037 -0.3761088766100423 0.1082964215878222 -0.29658844880673274 -0.8464525054957114 -0.06324776501754116 -0.3095685363690898 -0.034364311536659156 -0.26829094044618
 0.03300000000000002 -0.13738575899875136 0.22612621016666481 0.05912621275661406 -0.4755449569516328 0.27074009855140446 0.2443308004014185 0.02253087860296495 0.356730071468052 -0.17078998800872963 -0.3112587796019428 0.23171017100653632 0.16742447733628718 -0.3761105113812453 0.10829689230224138 -0.2965897379394425 -0.8464561846329686 -0.0632480399263012 -0.3095698819202323 -0.03436446090241574 -0.2682921065827185
 0.03400000000000002 -0.13738637451849794 0.22612722326400908 0.05912647765562367 -0.47554708750223373 0.2707413115292129 0.24433189505950711 0.022530979546474594 0.35673166970068393 -0.17079075318709241 -0.31126017411274615 0.23171120912130733 0.16742522743638938 -0.37611219644269817 0.10829737749718583 -0.29659106672957086 -0.8464599769510376 -0.06324832329204297 -0.30957126886438624 -0.03436461486309129 -0.2682933085929608
 0.035000000000000024 -0.1373870084079365 0.22612826659642907 0.059126750460331244 -0.47554928163740445 0.27074256070736874 0.24433302238678628 0.022531083502562124 0.3567333156312838 -0.17079154120158824 -0.3112616102416032 0.23171227821777904 0.16742599992262605 -0.3761139317934553 0.10829787717238332 -0.2965924351763723 -0.8464638824477904 -0.06324861511460748 -0.30957269720077335 -0.03436477341859942 -0.26829454647623235
 0.036000000000000025 -0.13738766066671132 0.22612934016333933 0.05912703117058371 -0.4755515393559137 0.2707438460851711 0.24433418238262344 0.02253119047116921 0.35673500925892804 -0.17079235205177493 -0.3112630879877082 0.23171337829535155 0.16742679479456374 -0.37611571743254296 0.10829839132755345 -0.2965938432790789 -0.8464679011210354 -0.063248915393831 -0.30957416692859213 -0.03436493656885116 -0.26829582023183857
 0.037000000000000026 -0.13738833129445643 0.22613044396413748 0.059127319786223556 -0.4755538606564947 0.27074516766189877 0.2443353750463677 0.022531300452235833 0.3567367505826663 -0.1707931857371975 -0.31126460735023187 0.23171450935340762 0.16742761205175644 -0.37611755335895924 0.10829891996240773 -0.2965952910369006 -0.8464720329685179 -0.063249224129545 -0.30957567804701797 -0.03436510431375497 -0.26829712985906473
 0.03800000000000003 -0.13738902029079555 0.2261315779982042 0.059127616307088834 -0.4755562455378449 0.27074652543681016 0.2443366003773499 0.02253141344570028 0.3567385396015216 -0.1707940422573882 -0.31126616832832177 0.2317156713913126 0.16742845169374557 -0.376119439571674 0.10829946307664955 -0.29659677844902504 -0.8464762779879194 -0.06324954132157629 -0.3095772305552029 -0.03436527665321672 -0.268298475357176
 0.03900000000000003 -0.13738972765534208 0.22613274226490315 0.05912792073301318 -0.4755586939986263 0.2707479194091435 0.24433785837488245 0.02253152945149915 0.35674037631449007 -0.17079492161186643 -0.3112677709211021 0.2317168644084145 0.16742931372006004 -0.37612137606962887 0.10830002066997416 -0.29659830551461763 -0.846480636176858 -0.06324986696974687 -0.30957882445227597 -0.03436545358713971 -0.26829985672541745
 0.04000000000000003 -0.13739045338769912 0.22613393676358112 0.05912823306382577 -0.47556120603746505 0.27074934957811664 0.24433914903825954 0.022531648469567355 0.3567422607205412 -0.1707958238001388 -0.31126941512767353 0.2317180884040439 0.16743019813021615 -0.3761233628517373 0.1083005927420687 -0.29659987223282164 -0.8464851075328885 -0.06325020107387402 -0.3095804597373427 -0.034365635115424675 -0.268301273963014
 0.04100000000000003 -0.1373911974874595 0.22613516149356788 0.059128553299351384 -0.47556378165295166 0.2707508159429271 0.24434047236675704 0.02253177049983812 0.35674419281861774 -0.17079674882169912 -0.3112711009471137 0.23171934337751407 0.1674311049237177 -0.37612539991688465 0.10830117929261222 -0.29660147860275793 -0.8464896920535022 -0.0632505436337703 -0.30958213640948573 -0.03436582123796976 -0.2683027270691705
 0.04200000000000003 -0.13739195995420575 0.22613641645417631 0.05912888143941034 -0.47556642084364115 0.2707523185027522 0.24434182835963247 0.022531895542242976 0.3567461726076356 -0.1707976966760284 -0.31127282837847664 0.23172062932812093 0.16743203410005597 -0.376127487263928 0.10830178032127562 -0.2966031246235253 -0.8464943897361269 -0.06325089464924352 -0.30958385446776426 -0.03436601195467054 -0.26830421604307175
 0.04300000000000003 -0.13739274078751007 0.22613770164470234 0.059129217483818546 -0.47556912360805276 0.270753857256749 0.24434321701612505 0.022532023596711772 0.35674820008648406 -0.17079866736259483 -0.3112745974207933 0.23172194625514297 0.1674329856587096 -0.37612962489169616 0.10830239582772169 -0.2966048102942002 -0.846499200578127 -0.06325125412009673 -0.3095856139112144 -0.034366207265420015 -0.26830574088388226
 0.04400000000000003 -0.13739353998693438 0.2261390170644249 0.059129561432387456 -0.47557188994467015 0.2707554322040541 0.2443446383354557 0.02253215466317266 0.35675027525402564 -0.17079966088085385 -0.31127640807307105 0.23172329415784138 0.16743395959914473 -0.37613181279898994 0.10830302581160513 -0.29660653561383704 -0.8465041245768034 -0.06325162204612826 -0.3095874147388491 -0.03436640717010861 -0.26830730159074656
 0.04500000000000003 -0.1373943575520303 0.22614036271260604 0.05912991328492412 -0.4755747198519414 0.27075704334378403 0.24434609231682702 0.022532288741552116 0.35675239810909615 -0.17080067723024805 -0.31127826033429423 0.2317246730354599 0.167434955920815 -0.3761340509845818 0.10830367027257248 -0.29660830058146775 -0.8465091617293936 -0.0632519984271317 -0.30958925694965794 -0.03436661166862417 -0.2683088981627891
 0.046000000000000034 -0.13739519348233922 0.22614173858849082 0.059130273041231134 -0.4755776133282788 0.27075869067503483 0.24434757895942336 0.022532425831774915 0.3567545686505046 -0.17080171641020728 -0.3112801542034236 0.23172608288722502 0.16743597462316143 -0.3761363394472162 0.10830432921026222 -0.2966101051961022 -0.8465143120330718 -0.06325238326289588 -0.3095911405426075 -0.03436682076085197 -0.26831053059911414
 0.047000000000000035 -0.13739604777739214 0.22614314469130736 0.059130640701106685 -0.47558057037205925 0.2707603741968824 0.24434909826241066 0.02253256593376415 0.3567567868770333 -0.17080277842014854 -0.31128208967939675 0.23172752371234578 0.16743701570561254 -0.3761386781856092 0.10830500262430465 -0.29661194945672803 -0.8465195754849486 -0.06325277655320494 -0.3095930655166411 -0.034367034446674716 -0.2683121988988059
 0.048000000000000036 -0.13739692043670984 0.22614458102026688 0.05913101626434452 -0.4755835909816238 0.27076209390838235 0.24435065022493663 0.02253270904744123 0.35675905278743797 -0.17080386325947608 -0.31128406676112785 0.23172899551001394 0.1674380791675843 -0.37614106719844886 0.10830569051432203 -0.2966138333623106 -0.8465249520820713 -0.06325317829783822 -0.3095950318706788 -0.03436725272597253 -0.26831390306092856
 0.04900000000000004 -0.13739781145980276 0.22614604757456364 0.059131399730733954 -0.47558667515527797 0.2707638498085699 0.24435223484613067 0.02253285517272587 0.3567613663804474 -0.17080497092758132 -0.31128608544750785 0.23173049827940384 0.16743916500848013 -0.37614350648439504 0.10830639287992845 -0.29661575691179315 -0.8465304418214239 -0.06325358849657037 -0.3095970396036176 -0.034367475598622965 -0.26831564308452605
 0.05000000000000004 -0.13739872084617108 0.22614754435337495 0.05913179110005988 -0.4755898228912917 0.27076564189646 0.24435385212510388 0.022533004309536097 0.35676372765476383 -0.1708061014238429 -0.3112881457374044 0.2317320320196725 0.16744027322769095 -0.3761459960420794 0.10830710972072992 -0.2966177201040966 -0.8465360446999267 -0.06325400714917127 -0.3095990887143312 -0.034367703064500994 -0.26831741896862227
 0.05100000000000004 -0.1373996485953047 0.2261490713558612 0.059132190372102766 -0.47559303418789933 0.2707674701710476 0.24435550206094905 0.022533156457788257 0.35676613660906265 -0.17080725474762667 -0.3112902476296617 0.23173359672995955 0.16744140382459508 -0.3761485358701054 0.10830784103632433 -0.29661972293811967 -0.846541760714437 -0.0632544342554061 -0.30960117920167024 -0.03436793512347903 -0.26831923071222114
 0.05200000000000004 -0.1374005947066832 0.22615062858116589 0.059132597546638646 -0.47559630904329947 0.2707693346313069 0.24435718465274067 0.022533311617397005 0.35676859324199267 -0.1708084308982857 -0.31129239112310075 0.23173519240938734 0.16744255679855832 -0.37615112596704836 0.10830858682630148 -0.296621765412739 -0.8465475898617483 -0.06325486981503527 -0.309603311064462 -0.03436817177542689 -0.2683210783143063
 0.05300000000000004 -0.1374015591797759 0.2261522160284155 0.059133012623439125 -0.47559964745565525 0.27077123527619235 0.24435889989953496 0.02253346978827531 0.3567710975521759 -0.1708096298751603 -0.3112945762165193 0.23173681905706078 0.167443732148934 -0.3761537663314555 0.10830934709024302 -0.29662384752680887 -0.8465535321385911 -0.06325531382781446 -0.3096054843015107 -0.034368413020211847 -0.26832296177384146
 0.05400000000000004 -0.1374025420140418 0.22615383369671965 0.05913343560227139 -0.4756030494230941 0.2707731721046377 0.24436064780036984 0.022533630970334454 0.3567736495382076 -0.17081085167757792 -0.3112968029086917 0.2317384766720675 0.1674449298750628 -0.3761564569618458 0.10831012182772254 -0.29662596927916146 -0.8465595875416323 -0.06325576629349464 -0.3096076989115974 -0.034368658857698575 -0.2683248810897702
 0.05500000000000004 -0.1374035432089297 0.22615548158517101 0.0591338664828982 -0.475606514943708 0.27077514511555667 0.24436242835426492 0.02253379516348403 0.35677624919865647 -0.17081209630485328 -0.311299071198369 0.2317401652534778 0.16744614997627297 -0.37615919785671015 0.10831091103830548 -0.29662813066860666 -0.8465657560674755 -0.06325622721182202 -0.3096099548934799 -0.034368909287749196 -0.26832683626101594
 0.05600000000000004 -0.137404562763878 0.22615715969284533 0.05913430526507788 -0.47561004401555307 0.27077715430784266 0.24436424156022155 0.022533962367631947 0.3567788965320644 -0.1708133637562883 -0.311301381084279 0.23174188480034455 0.1674473924518802 -0.37616198901451126 0.1083117147215492 -0.29663033169393227 -0.846572037712661 -0.06325669658253807 -0.309612252245893 -0.034369164310223244 -0.2683288272864821
 0.057000000000000044 -0.1374056006783149 0.22615886801880142 0.059134751948564344 -0.47561363663665013 0.2707791996803688 0.24436608741722277 0.022534132582684427 0.35678159153694666 -0.17081465403117213 -0.3113037325651262 0.23174363531170336 0.1674486573011876 -0.37616483043368365 0.10831253287700295 -0.2966325723539038 -0.8465784324736656 -0.06325717440537956 -0.3096145909675481 -0.03436942392497769 -0.26833085416505204
 0.058000000000000045 -0.1374066569516583 0.22616060656208117 0.05913520653310707 -0.47561729280498427 0.2707812812319879 0.24436796592423335 0.02253430580854601 0.35678433421179173 -0.17081596712878114 -0.31130612563959176 0.23174541678657246 0.16744994452348583 -0.3761677221126338 0.10831336550420786 -0.2966348526472646 -0.8465849403469029 -0.0632576606800785 -0.30961697105713365 -0.03436968813186693 -0.26833291689558897
 0.059000000000000045 -0.1374077315833158 0.2261623753217096 0.059135669018451104 -0.475621012518505 0.27078339896153264 0.2443698770801998 0.02253448204511954 0.3567871245550615 -0.1708173030483789 -0.3113085603063336 0.23174722922395274 0.16745125411805295 -0.37617066404973987 0.10831421260269701 -0.29663717257273575 -0.8465915613287232 -0.06325815540636218 -0.3096193925133147 -0.034369956930742795 -0.26833501547693606
 0.060000000000000046 -0.13740882457268475 0.22616417429669475 0.059136139404337096 -0.47562479577512634 0.27078555286781536 0.2443718208840503 0.02253466129230619 0.3567899625651911 -0.1708186617892162 -0.3113110365639863 0.23174907262282782 0.16745258608415456 -0.37617365624335214 0.1083150741719953 -0.29663953212901634 -0.8465982954154133 -0.06325865858395315 -0.3096218553347334 -0.03437023032145454 -0.2683371499079164
 0.06100000000000005 -0.1374099359191522 0.22616600348602775 0.05913661769050125 -0.4756286425727266 0.27078774294962815 0.24437379733469478 0.022534843550005436 0.35679284824058893 -0.1708200433505311 -0.31131355441116126 0.2317509469821639 0.1674539404210437 -0.3761766986917925 0.10831595021161959 -0.29664193131478306 -0.8466051426031969 -0.06325917021256923 -0.30962435952000855 -0.03437050830384884 -0.2683393201873331
 0.06200000000000005 -0.13741106562209496 0.22616786288868285 0.059137103876675354 -0.4756325529091486 0.2707899692057429 0.2443758064310249 0.02253502881811507 0.3567957815796369 -0.17082144773154884 -0.3113161138464465 0.23175285230090986 0.16745531712796086 -0.3761797913933549 0.10831684072107861 -0.29664437012869055 -0.8466121028882341 -0.0632596902919235 -0.3096269050677359 -0.03437079087776982 -0.268341526313969
 0.06300000000000004 -0.1374122136808795 0.22616975250361737 0.05913759796258678 -0.47563652678219953 0.2707922316349112 0.24437784817191405 0.022535217096531203 0.35679876258069 -0.17082287493148188 -0.3113187148684068 0.2317547885779973 0.16745671620413405 -0.376182934346305 0.10831774569987301 -0.2966468485693712 -0.8466191762666219 -0.06326021882172435 -0.309629491976488 -0.03437107804305902 -0.26834376828658707
 0.06400000000000004 -0.13741338009486206 0.22617167232977176 0.05913809994795847 -0.47564056418965117 0.2707945302358644 0.24437992255621732 0.02253540838514826 0.3568017912420767 -0.17082432494952995 -0.31132135747558365 0.23175675581234048 0.16745813764877876 -0.3761861275488805 0.10831866514749532 -0.29664936663543523 -0.846626362734394 -0.06326075580167538 -0.30963212024481424 -0.034371369799555414 -0.2683460461039301
 0.06500000000000004 -0.13741456486338863 0.22617362236606947 0.059138609832508945 -0.4756446651292396 0.27079686500731365 0.24438202958277158 0.02253560268385898 0.3568048675620988 -0.17082579778488 -0.31132404166649524 0.23175875400283633 0.16745958146109796 -0.3761893709992908 0.10831959906342999 -0.2966519243254708 -0.8466336622875207 -0.06326130123147551 -0.30963478987124093 -0.03437166614709541 -0.2683483597647209
 0.06600000000000004 -0.13741576798579488 0.22617560261141714 0.05913912761595232 -0.4756488295986654 0.2707992359479498 0.24438416925039538 0.02253579999255442 0.3568079915390313 -0.1708272934367062 -0.3113267674396366 0.23176078314836443 0.16746104764028208 -0.3761926646957173 0.10832054744715336 -0.2966545216380436 -0.8466410749219092 -0.06326185511081892 -0.30963750085427116 -0.034371967085512836 -0.26835070926766214
 0.06700000000000005 -0.13741698946140626 0.22617761306470446 0.059139653297998265 -0.4756530575955936 0.2708016430564435 0.24438634155788905 0.022536000311123947 0.3568111631711227 -0.17082881190416993 -0.3113295347934794 0.23176284324778706 0.16746253618550905 -0.37619600863631336 0.10832151029813368 -0.29665715857169755 -0.8466486006334033 -0.06326241743939504 -0.3096402531923849 -0.034372272614638974 -0.2683530946114365
 0.06800000000000005 -0.1374182292895379 0.22617965372480422 0.05914018687835206 -0.4756573491176537 0.27080408633144515 0.24438854650403463 0.022536203639455254 0.35681438245659475 -0.17083035318641984 -0.31133234372647206 0.2317649342999492 0.1674640470959443 -0.37619940281920405 0.10832248761583112 -0.2966598351249541 -0.8466562394177836 -0.0632629882168886 -0.30964304688403904 -0.03437258273430251 -0.2683555157947066
 0.06900000000000005 -0.1374194874694947 0.22618172459057234 0.05914072835671455 -0.4756617041624397 0.27080656577158496 0.24439078408759593 0.022536409977434342 0.3568176493936425 -0.1708319172825918 -0.3113351942370397 0.2317670563036785 0.16746558037074075 -0.3762028472424864 0.10832347939969773 -0.29666255129631264 -0.8466639912707673 -0.06326356744297958 -0.3096458819276673 -0.034372897444329586 -0.268357972816115
 0.07000000000000005 -0.13742076400057127 0.22618382566084783 0.05914127773278216 -0.4756661227275099 0.2708090813754728 0.2443930543073185 0.022536619324945533 0.35682096398043445 -0.17083350419180898 -0.3113380863235843 0.23176920925778527 0.16746713600903876 -0.3762063419042294 0.1083244856491775 -0.29666530708425043 -0.8466718561880086 -0.06326415511734326 -0.3096487583216802 -0.03437321674454375 -0.26836046567428423
 0.07100000000000005 -0.13742205888205197 0.2261859569344528 0.0591418350062469 -0.4756706048103873 0.2708116331416985 0.2443953571619296 0.022536831681871462 0.3568243262151124 -0.17083511391318168 -0.3113410199844845 0.23177139316106257 0.16746871400996624 -0.3762098868024739 0.10832550636370632 -0.29666810248722253 -0.8466798341650981 -0.06326475123965018 -0.30965167606446525 -0.03437354063476601 -0.26836299436781674
 0.07200000000000005 -0.13742337211321093 0.22618811841019243 0.059142400176796374 -0.47567515040855923 0.27081422106883146 0.24439769265013825 0.022537047048093083 0.3568277360957915 -0.1708367464458075 -0.3113439952180957 0.2317736080122861 0.16747031437263857 -0.37621348193523263 0.10832654154271196 -0.29667093750366186 -0.8466879251975635 -0.06326535580956616 -0.3096546351543868 -0.03437386911481479 -0.26836555889529495
 0.07300000000000005 -0.13742470369331197 0.22619031008685508 0.05914297324411376 -0.47567975951947755 0.270816845155421 0.24440006077063528 0.022537265423489668 0.3568311936205602 -0.17083840178877133 -0.31134701202275006 0.2317758538102143 0.16747193709615862 -0.37621712730049023 0.10832759118561414 -0.29667381213197913 -0.8466961292808693 -0.06326596882675228 -0.309657635589786 -0.03437420218450596 -0.2683681592552813
 0.07400000000000005 -0.13742605362160867 0.22619253196321223 0.05914355420787782 -0.4756844321405586 0.27081950539999616 0.24440246152209322 0.022537486807938805 0.3568346987874805 -0.17084007994114522 -0.3113500703967565 0.23177813055358823 0.16747358217961678 -0.37622082289620334 0.10832865529182448 -0.296676726370563 -0.8467044464104166 -0.06326659029086493 -0.30966067736898095 -0.03437453984365281 -0.2683707954463181
 0.07500000000000005 -0.13742742189734433 0.2261947840380184 0.05914414306776291 -0.4756891682691833 0.2708222018010658 0.24440489490316633 0.022537711201316403 0.3568382515945875 -0.17084178090198854 -0.3113531703384007 0.23178043824113173 0.1674752496220909 -0.3762245687203004 0.1083297338607465 -0.29667968021778 -0.8467128765815434 -0.06326722020155574 -0.30966376049026667 -0.03437488209206607 -0.2683734674669277
 0.07600000000000005 -0.13742880851975203 0.2261970663100113 0.05914473982343896 -0.47569396790269686 0.2708249343571186 0.2444073609124907 0.022537938603496687 0.35684185203988983 -0.17084350467034787 -0.31135631184594514 0.2317827768715513 0.16747693942264638 -0.3762283647706819 0.10833082689177566 -0.2966826736719744 -0.8467214197895243 -0.06326785855847165 -0.309666884951915 -0.034375228929553914 -0.26837617531561236
 0.07700000000000005 -0.1374302134880546 0.2261993787779117 0.059145344474571496 -0.4756988310384092 0.27082770306662285 0.2444098595486842 0.022538169014352197 0.35684550012136956 -0.17084525124525704 -0.311359494917629 0.23178514644353615 0.16747865158033612 -0.3762322110452201 0.10833193438429932 -0.2966857067314683 -0.8467300760295712 -0.06326850536125488 -0.30967005075217474 -0.034375580355921934 -0.2683789189908544
 0.07800000000000006 -0.13743163680146456 0.22620172144042358 0.05914595702082163 -0.4757037576735947 0.2708305079280269 0.24441239081034632 0.022538402433753796 0.356849195836982 -0.17084702062573717 -0.3113627195516682 0.23178754695575823 0.16748038609420046 -0.3762361075417593 0.10833305633769677 -0.29668877939456195 -0.8467388452968323 -0.06326916060954288 -0.3096732578892715 -0.034375936370973165 -0.2683816984911161
 0.07900000000000006 -0.13743307845918423 0.22620409429623398 0.05914657746184605 -0.47570874780549216 0.2708333489397587 0.24441495469605848 0.022538638861570662 0.3568529391846558 -0.17084881281079659 -0.3113659857462556 0.23178997840687215 0.16748214296326733 -0.3762400542581157 0.10833419275133921 -0.29669189165953314 -0.8467477275863929 -0.06326982430296844 -0.3096765063614079 -0.03437629697450808 -0.2683845138148396
 0.08000000000000006 -0.13743453846040565 0.22620649734401307 0.05914720579729706 -0.475713801431305 0.27083622610022606 0.24441755120438377 0.022538878297670296 0.35685673016229325 -0.17085062779943092 -0.3113692934995607 0.23179244079551528 0.16748392218655211 -0.3762440511920775 0.10833534362458976 -0.2966950435246377 -0.8467567228932752 -0.0632704964411596 -0.3096797961667634 -0.03437666216632459 -0.26838736496044713
 0.08100000000000006 -0.13743601680431064 0.22620893058241417 0.059147842026822536 -0.47571891854820114 0.2708391394078167 0.24442018033386712 0.02253912074191852 0.3568605687677697 -0.170852465590623 -0.3113726428097298 0.2317949341203077 0.16748572376305773 -0.37624809834140477 0.10833650895680345 -0.2966982349881094 -0.8467658312124381 -0.0632711770237397 -0.30968312730349434 -0.03437703194621804 -0.268390251926341
 0.08200000000000006 -0.13743751349007077 0.22621139401007376 0.05914848615006594 -0.47572409915331304 0.27084208886089794 0.2444228420830352 0.022539366194179466 0.3568644549989342 -0.170854326183343 -0.31137603367488603 0.23179745837985213 0.1674875476917746 -0.37625219570382956 0.10833768874732727 -0.2967014660481596 -0.8467750525387775 -0.06327186605032735 -0.309686499769734 -0.0343774063139812 -0.26839317471090324
 0.08300000000000006 -0.13743902851684736 0.2262138876256114 0.059149138166666324 -0.47572934324373767 0.2708450744578171 0.24442553645039647 0.022539614654315598 0.356868388853609 -0.17085620957654832 -0.3113794660931292 0.2318000135727341 0.16748939397168067 -0.3762563432770558 0.10833888299550011 -0.2967047367029779 -0.8467843868671261 -0.06327256352053644 -0.3096899135635926 -0.034377785269404305 -0.2683961333124962
 0.08400000000000006 -0.13744056188379145 0.22621641142762983 0.05914979807625834 -0.4757346508165366 0.27084809619690114 0.24442826343444118 0.02253986612218769 0.3568723703295898 -0.17085811576918358 -0.3113829400625361 0.23180259969752187 0.16749126260174138 -0.37626054105875956 0.10834009170065277 -0.2967080469507316 -0.8467938341922535 -0.06327326943397615 -0.3096933686831573 -0.034378168812275005 -0.2683991277294619
 0.08500000000000006 -0.1374421135900439 0.22621896541471492 0.059150465878472246 -0.4757400218687359 0.27085115407645705 0.24443102303364136 0.022540120597654843 0.3568763994246457 -0.17086004476018077 -0.3113864555811601 0.23180521675276636 0.16749315358090974 -0.37626478904658867 0.10834131486210802 -0.29671139678956593 -0.8468033945088663 -0.06327398379025095 -0.3096968651264921 -0.034378556942378395 -0.2684021579601226
 0.08600000000000006 -0.1374436836347353 0.2262215495854357 0.059151141572933864 -0.4757454563973262 0.27085424809477143 0.24443381524645083 0.022540378080574474 0.3568804761365193 -0.17086199654845904 -0.31139001264703164 0.23180786473700127 0.16749506690812624 -0.37626908723816305 0.10834255247918051 -0.29671478621760394 -0.8468130678116079 -0.06327470658896059 -0.30970040289163797 -0.034378949659497005 -0.26840522400278055
 0.08700000000000006 -0.137445272016986 0.22622416393834432 0.05915182515926463 -0.47575095439926274 0.27085737825011086 0.2444366400713052 0.022540638570802327 0.35688460046292647 -0.1708639711329249 -0.3113936112581577 0.231810543648743 0.1674970025823189 -0.37627343563107457 0.10834380455117684 -0.29671821523294667 -0.8468228540950586 -0.0632754378297001 -0.3097039819766128 -0.034379346963410815 -0.2684083258557179
 0.08800000000000006 -0.1374468787359061 0.22622680847197615 0.05915251663708156 -0.4757565158714653 0.27086054454072167 0.24443949750662186 0.022540902068192464 0.35688877240155664 -0.17086596851247207 -0.31139725141252217 0.23181325348649076 0.16749896060240327 -0.3762778342228871 0.10834507107739556 -0.29672168383367303 -0.8468327533537359 -0.06327617751205983 -0.3097076023794115 -0.03437974885389723 -0.2684114635171968
 0.08900000000000007 -0.1374485037905955 0.22622948318484964 0.05915321600599729 -0.4757621408108182 0.27086374696483 0.24444238755080003 0.022541168572597265 0.35689299195007257 -0.1708679886859816 -0.3114009331080858 0.2318159942487264 0.1675009409672824 -0.37628228301113636 0.10834635205712713 -0.29672519201783987 -0.8468427655820937 -0.06327692563562538 -0.30971126409800576 -0.03438015533073112 -0.26841463698545953
 0.09000000000000007 -0.13745014718014387 0.22623218807546644 0.05915392326562002 -0.4757678292141704 0.2708669855206419 0.24444531020222074 0.022541438083867438 0.3568972591061105 -0.1708700316523218 -0.31140465634278613 0.23181876593391457 0.16750294367584695 -0.37628678199333027 0.10834764748965395 -0.2967287397834819 -0.8468528907745234 -0.06327768219997766 -0.30971496713034435 -0.03438056639368476 -0.26841784625872833
 0.09100000000000007 -0.1374518089036306 0.22623492314231133 0.05915463841555358 -0.47577358107833534 0.27087026020634325 0.24444826545924678 0.02254171060185201 0.35690157386728005 -0.17087209741034828 -0.3114084211145375 0.23182156854050262 0.16750496872697504 -0.3762913311669486 0.10834895737425036 -0.2967323271286118 -0.8468631289253532 -0.06327844720469286 -0.3097187114743529 -0.03438098204252789 -0.2684210913352054
 0.09200000000000007 -0.13745348896012488 0.2262376883838523 0.05915536145539737 -0.47577939640009126 0.27087357102009973 0.24445125332022277 0.02254198612639833 0.3569059362311644 -0.17087418595890386 -0.31141222742123104 0.23182440206692073 0.16750701611953234 -0.3762959305294431 0.10835028171018264 -0.29673595405122005 -0.8468734800288482 -0.06327922064934247 -0.30972249712793415 -0.034381402277027684 -0.2684243722130731
 0.09300000000000007 -0.1374551873486857 0.22624048379854048 0.0591560923847464 -0.4757852751761808 0.2708769179600569 0.24445427378347517 0.02254226465735207 0.3569103461953201 -0.17087629729681875 -0.31141607526073484 0.23182726651158175 0.16750908585237206 -0.37630058007823763 0.10835162049670899 -0.2967396205492752 -0.8468839440792105 -0.06328000253349325 -0.30972632408896755 -0.034381827096948765 -0.2684276888904937
 0.09400000000000007 -0.1374569040683618 0.22624330938481016 0.05915683120319128 -0.4757912174033113 0.27088030102434013 0.24445732684731225 0.022542546194557235 0.3569148037572771 -0.17087843142291037 -0.3114199646308937 0.23183016187288136 0.16751117792433498 -0.376305279810728 0.10835297373307956 -0.29674332662072367 -0.8468945210705793 -0.0632807928567073 -0.3097301923553097 -0.03438225650205319 -0.2684310413656095
 0.09500000000000007 -0.1374586391181917 0.22624616514107881 0.05915757791031823 -0.47579722307815475 0.27088372021105467 0.24446041251002404 0.022542830737856137 0.3569193089145389 -0.17088058833598346 -0.3114238955295293 0.2318330881491979 0.16751329233424936 -0.37631002972428196 0.10835434141853646 -0.2967470722634898 -0.8469052109970306 -0.06328159161854198 -0.30973410192479406 -0.034382690492100465 -0.268434429636543
 0.09600000000000007 -0.13746039249720368 0.2262490510657471 0.05915833250570906 -0.4758032921973477 0.27088717551828567 0.24446353076988248 0.02254311828708942 0.35692386166458234 -0.17088276803483007 -0.3114278679544402 0.23183604533889257 0.16751542908093106 -0.3763148298162394 0.10835572355231371 -0.2967508574754758 -0.8469160138525778 -0.06328239881854993 -0.30973805279523114 -0.03438312906684754 -0.26843785370139656
 0.09700000000000007 -0.13746216420441584 0.22625196715719886 0.059159094988941174 -0.4758094247574913 0.2708906669440981 0.24446668162514126 0.02254340884209605 0.3569284620048579 -0.17088497051822954 -0.31143188190340176 0.2318390334403093 0.16751758816318346 -0.37631968008391226 0.10835712013363731 -0.296754682254562 -0.8469269296311709 -0.06328321445627912 -0.3097420449644084 -0.0343835722260488 -0.2684413135582526
 0.09800000000000007 -0.13746395423883603 0.2262549134138011 0.0591598653595876 -0.4758156207551514 0.2708941944865367 0.24446986507403595 0.022543702402713323 0.3569331099327894 -0.1708871957849485 -0.3114359373741662 0.23184205245177475 0.1675197695797975 -0.37632458052458434 0.10835853116172517 -0.29675854659860645 -0.8469379583266974 -0.06328403853127279 -0.30974607843009017 -0.03438401996945608 -0.2684448092051737
 0.09900000000000007 -0.1374657625994619 0.22625788983390405 0.05916064361721696 -0.47582188018685845 0.27089775814362627 0.2444730811147839 0.022543998968776856 0.3569378054457742 -0.17088944383374086 -0.3114400343644626 0.23184510237159842 0.16752197332955168 -0.37632953113551165 0.10835995663578718 -0.29676245050544536 -0.8469490999329815 -0.0632848710430695 -0.309750153190018 -0.034384472296818666 -0.2684483406402024
 0.10000000000000007 -0.13746758928528086 0.22626089641584107 0.059161429761393464 -0.4758282030491076 0.2709013579133714 0.2444763297455844 0.022544298540120588 0.35694254854118307 -0.17089171466334788 -0.31144417287199694 0.23184818319807252 0.16752419941121202 -0.37633453191392213 0.10836139655502516 -0.29676639397289273 -0.8469603544437847 -0.06328571199120309 -0.30975426924191013 -0.03438492920788328 -0.2684519078613613
 0.10100000000000008 -0.13746943429527017 0.22626393315792878 0.05916222379167696 -0.47583458933835865 0.2709049937937565 0.24447961096461845 0.022544601116576787 0.35694733921636035 -0.1708940082724981 -0.31144835289445205 0.2318512949294721 0.16752644782353213 -0.3763395828570158 0.1083628509186329 -0.2967703769987406 -0.8469717218528054 -0.0632865613752027 -0.3097584265834621 -0.034385390702394096 -0.26845551086665315
 0.10200000000000008 -0.13747129762839683 0.22626700005846695 0.05916302570762288 -0.47584103905103603 0.2709086657827459 0.24448292477004901 0.02254490669797605 0.3569521774686238 -0.17089632465990737 -0.3114525744294876 0.23185443756405494 0.16752871856525317 -0.37634468396196474 0.10836431972579612 -0.29677439958075896 -0.8469832021536793 -0.06328741919459278 -0.3097626252123462 -0.03438585678009273 -0.26845914965406065
 0.10300000000000008 -0.13747317928361763 0.22627009711573856 0.059163835508782264 -0.4758475521835288 0.2709123738782839 0.2444862711600208 0.022545215284147293 0.3569570632952647 -0.17089866382427885 -0.3114568374747401 0.23185761110006164 0.16753101163510384 -0.3763498352259131 0.1083658029756925 -0.29677846171669575 -0.846994795339979 -0.06328828544889309 -0.3097668651262119 -0.03438632744071825 -0.26846282422154666
 0.10400000000000008 -0.1374750792598792 0.22627322432800984 0.05916465319470177 -0.4758541287321908 0.2709161180782945 0.24448965013266047 0.022545526874917763 0.35696199669354794 -0.17090102576430302 -0.3114611420278231 0.23186081553571558 0.16753332703180043 -0.376355036645977 0.10836730066749169 -0.2967825634042769 -0.8470065014052145 -0.06328916013761866 -0.3097711463226855 -0.034386802684007164 -0.268466534567054
 0.10500000000000008 -0.13747699755611795 0.22627638169353015 0.059165478764923674 -0.4758607686933405 0.27091989838068187 0.24449306168607646 0.022545841470113036 0.3569669776607117 -0.1709034104786577 -0.31146548808632685 0.23186405086922293 0.16753566475404683 -0.37636028821924483 0.10836881280035528 -0.29678670464120627 -0.8470183203428328 -0.06329004326027987 -0.30977546879937046 -0.03438728250969344 -0.2684702806885057
 0.10600000000000008 -0.13747893417126006 0.22627956921053213 0.059166312218985835 -0.4758674720632611 0.2709237147833298 0.2444965058183591 0.022546159069557006 0.3569720061939679 -0.17090581796600798 -0.3114698756478186 0.23186731709877265 0.16753802480053442 -0.37636558994277686 0.10837033937343683 -0.2967908854251658 -0.847030252146218 -0.06329093481638236 -0.30977983255384717 -0.03438776691750848 -0.2684740625838048
 0.10700000000000008 -0.13748088910422154 0.2262827868772316 0.059167153556421735 -0.4758742388382004 0.27092756728410217 0.2444999825275806 0.022546479673071905 0.35697708229050185 -0.17090824822500633 -0.3114743047098424 0.23187061422253652 0.1675404071699422 -0.37637094181360553 0.10837188038588187 -0.2967951057538153 -0.8470422968086914 -0.06329183480542709 -0.3097842375836731 -0.03438825590718114 -0.2684778802508344
 0.10800000000000008 -0.13748286235390822 0.2262860346918276 0.05916800277676048 -0.47588106901437105 0.27093145588084266 0.24450349181179498 0.022546803280478287 0.3569822059474724 -0.17091070125429247 -0.31147877526991935 0.2318739422386691 0.16754281186093675 -0.37637634382873536 0.10837343583682787 -0.29679936562479264 -0.8470544543235115 -0.06329274322691034 -0.30978868388638275 -0.034388749478437744 -0.26848173368745776
 0.10900000000000008 -0.13748485391921567 0.22628931265250238 0.059168859879526775 -0.4758879625879503 0.27093538057137495 0.2445070336690382 0.022547129891595036 0.35698737716201195 -0.17091317705249354 -0.31148328732554736 0.2318773011453078 0.1675452388721722 -0.37638179598514293 0.10837500572540429 -0.29680366503571365 -0.847066724683874 -0.06329366008032368 -0.30979317145948754 -0.03438924763100204 -0.2684856228915181
 0.11000000000000008 -0.13748686379902933 0.2262926207574215 0.05916972486424095 -0.47589491955508023 0.27093934135350256 0.24451060809732805 0.02254745950623937 0.35699259593122645 -0.17091567561822393 -0.3114878408742012 0.2318806909405728 0.1675476882022903 -0.376387298279777 0.10837659005073254 -0.2968080039841722 -0.847079107882912 -0.06329458536515399 -0.30979770030047604 -0.03438975036459524 -0.26848954786083895
 0.11100000000000008 -0.13748889199222447 0.2262959590047336 0.05917059773041893 -0.4759019399118676 0.270943338225009 0.24451421509466423 0.02254779212422682 0.3569978622521954 -0.1709181969500854 -0.31149243591333275 0.23188411162256709 0.16755015984992033 -0.3763928507095584 0.108378188811926 -0.29681238246774005 -0.8470916039136953 -0.06329551908088348 -0.30980227040681385 -0.034390257678936005 -0.26849350859322374
 0.11200000000000009 -0.1374909384976661 0.2262993273925707 0.05917147847757229 -0.4759090236543838 0.27094737118365764 0.24451785465902828 0.022548127745371266 0.3570031761219718 -0.17092074104666705 -0.3114970724403706 0.2318875631893765 0.16755265381367923 -0.37639845327138 0.10837980200809003 -0.29681680048396714 -0.8471042127692315 -0.06329646122698963 -0.3098068817759436 -0.034390769573740446 -0.26849750508645615
 0.11300000000000009 -0.1374930033142091 0.22630272591904796 0.05917236710520818 -0.47591617077866516 0.2709514402271918 0.24452152678838368 0.022548466369484908 0.35700853753758227 -0.1709233079065453 -0.3115017504527204 0.2318910456390697 0.16755517009217147 -0.3764041059621069 0.10838142963832194 -0.2968212580303813 -0.8471169344424653 -0.06329741180294528 -0.30981153440528497 -0.03439128604872213 -0.2685015373382999
 0.11400000000000009 -0.13749508644069816 0.22630615458226386 0.05917326361282941 -0.47592338128071265 0.27095554535333477 0.2445252314806758 0.022548807996378272 0.35701394649602697 -0.17092589752828397 -0.3115064699477646 0.23189455896969818 0.16755770868398911 -0.3764098087785762 0.10838307170171105 -0.2968257551044884 -0.8471297689262784 -0.06329837080821854 -0.30981622829223465 -0.034391807103592076 -0.26850560534649887
 0.11500000000000009 -0.13749718787596776 0.22630961338030003 0.05917416799993438 -0.4759306551564921 0.27095968655978975 0.24452896873383181 0.022549152625860224 0.3570194029942796 -0.17092850991043412 -0.3115112309228627 0.23189810317929624 0.16756026958771184 -0.37641556171759727 0.10838472819733862 -0.2968302917037724 -0.8471427162134901 -0.06329933824227287 -0.3098209634341665 -0.03439233273805876 -0.268509709108777
 0.11600000000000009 -0.13749930761884224 0.22631310231122145 0.059175080266017116 -0.47593799240193396 0.2709638638442399 0.24453273854576094 0.022549500257737956 0.3570249070292874 -0.17093114505153428 -0.31151603337535116 0.231901678265881 0.16756285280190691 -0.37642136477595156 0.1083863991242779 -0.29683486782569524 -0.8471557762968569 -0.063300314104567 -0.3098257398284313 -0.034392862951828106 -0.26851384862283834
 0.11700000000000009 -0.13750144566813574 0.2263166213730763 0.059176000410567274 -0.4759453930129336 0.27096807720434835 0.2445365409143542 0.02254985089181699 0.35703045859797133 -0.17093380295011024 -0.3115208773025433 0.2319052842274525 0.1675654583251292 -0.37642721795039263 0.10838808448159414 -0.2968394834676969 -0.8471689491690725 -0.06330129839455503 -0.3098305574723571 -0.034393397744603496 -0.2685180238863672
 0.11800000000000009 -0.13750360202265224 0.22632017056389597 0.059176928433070125 -0.4759528569853511 0.27097232663775805 0.24454037583748456 0.022550204527901185 0.3570360576972258 -0.17093648360467517 -0.31152576270172944 0.2319089210619935 0.1675680861559212 -0.3764331212376462 0.10838978426834453 -0.29684413862719533 -0.847182234822768 -0.06330229111168634 -0.30983541636324885 -0.034393937116085765 -0.2685222348970279
 0.11900000000000009 -0.13750577668118558 0.2263237498816952 0.05917786433300656 -0.4759603843150114 0.2709766121420921 0.2445442433130069 0.022550561165792727 0.35704170432391885 -0.17093918701372962 -0.3115306895701768 0.23191258876746976 0.16757073629281297 -0.37643907463441023 0.10839149848357829 -0.2968488333015867 -0.847195633250512 -0.06330329225540562 -0.30984031649838867 -0.03439448106597321 -0.26852648165246495
 0.12000000000000009 -0.13750796964251935 0.22632735932447198 0.059178808109853105 -0.4759679749977042 0.27098093371495346 0.244548143338758 0.022550920805292137 0.3570473984748922 -0.17094191317576146 -0.3115356579051297 0.23191628734182973 0.1675734087343222 -0.3764450781373548 0.10839322712633659 -0.296853567488245 -0.8472091444448101 -0.06330430182515293 -0.3098452578750357 -0.03439502959396159 -0.268530764150303
 0.1210000000000001 -0.13751018090542705 0.2263309988902075 0.0591797597630819 -0.475975629029184 0.2709852913539251 0.24455207591255657 0.022551283446198268 0.35705314014696105 -0.17094466208924597 -0.31154066770380934 0.23192001678300483 0.16757610347895419 -0.37645113174312206 0.1083949701956526 -0.2968583411845225 -0.8472227683981056 -0.06330531982036358 -0.30985024049042625 -0.0343955826997441 -0.2685350823881469
 0.1220000000000001 -0.137512410468672 0.2263346685768663 0.05918071929216072 -0.47598334640517015 0.27098968505656984 0.24455604103220327 0.022551649088308305 0.3570589293369143 -0.17094743375264576 -0.3115457189634139 0.23192377708890932 0.16757882052520187 -0.3764572354483265 0.10839672769055148 -0.29686315438774935 -0.8472365051027791 -0.06330634624046827 -0.30985526434177374 -0.034396140383011406 -0.2685394363635815
 0.1230000000000001 -0.13751465833100734 0.22633836838239615 0.05918168669655296 -0.4759911271213469 0.2709941148204306 0.24456003869548065 0.02255201773141777 0.3570647660415144 -0.17095022816441083 -0.3115508116811185 0.2319275682574403 0.16758155987154577 -0.37646338924955464 0.10839849961005037 -0.29686800709523387 -0.8472503545511486 -0.06330738108489298 -0.3098603294262686 -0.03439670264345164 -0.268543826074172
 0.1240000000000001 -0.13751692449117608 0.22634209830472815 0.05918266197571765 -0.4759989711733632 0.27099858064303034 0.24456406890015325 0.02255238937532052 0.35707065025749746 -0.17095304532297853 -0.3115559458540753 0.23193139028647775 0.16758432151645405 -0.37646959314336537 0.10840028595315843 -0.29687289930426247 -0.8472643167354694 -0.06330842435305903 -0.30986543574107855 -0.034397269480750385 -0.2685482515174636
 0.12500000000000008 -0.13751920894791106 0.22634585834177662 0.05918364512910945 -0.47600687855683294 0.27100308252187183 0.24456813164396748 0.022552764019808744 0.35707658198157327 -0.1709558852267736 -0.3115611214794135 0.2319352431738845 0.1675871054583825 -0.3764758471262896 0.10840208671887679 -0.2968778310120995 -0.8472783916479344 -0.06330947604438304 -0.3098705832833482 -0.034397840894590685 -0.2685527126909818
 0.12600000000000008 -0.13752151169993496 0.2263496484914392 0.05918463615617865 -0.4760148492673349 0.271007620454438 0.24457222692465175 0.022553141664672965 0.35708256121042525 -0.1709587478742082 -0.3115663385542392 0.23193912691750632 0.16758991169577453 -0.37648215119483064 0.10840390190619859 -0.2968828022159876 -0.8472925792806738 -0.063310536158277 -0.30987577205019945 -0.034398416884653046 -0.26855720959223217
 0.12700000000000009 -0.1375238327459603 0.22635346875159687 0.059185635056371165 -0.47602288330041265 0.27101219443819163 0.2445763547399164 0.02255352230970204 0.35708858794071036 -0.1709616332636818 -0.31157159707563553 0.23194304151517178 0.16759274022706117 -0.3764885053454638 0.10840573151410894 -0.29688781291314736 -0.8473068796257553 -0.0633116046941482 -0.30988100203873126 -0.03439899745061543 -0.26856174221870055
 0.12800000000000009 -0.1375261720846895 0.22635731912011384 0.05918664182912855 -0.4760309806515746 0.27101680447057563 0.24458051508745374 0.022553905954683172 0.35709466216905933 -0.17096454139358128 -0.3115768970406627 0.23194698696469243 0.1675955910506611 -0.37649490957463677 0.108407575541585 -0.29689286310077745 -0.8473212926751843 -0.06331268165139926 -0.30988627324601975 -0.03439958259215326 -0.2685663105678529
 0.1290000000000001 -0.1375285297148148 0.22636119959483766 0.05918765647388799 -0.47603914131629427 0.2710214505490129 0.244584707964938 0.02255429259940189 0.3571007838920765 -0.17096747226228093 -0.3115822384463579 0.2319509632638626 0.16759846416498064 -0.3765013638787694 0.10840943398759592 -0.2968979527760547 -0.8473358184209033 -0.06331376702942813 -0.3098915856691182 -0.034400172308939436 -0.2685709146371354
 0.1300000000000001 -0.1375309056350183 0.22636511017359917 0.05918867899008231 -0.4760473652900098 0.27102613267090625 0.2445889333700254 0.02255468224364206 0.35710695310633983 -0.17097042586814243 -0.3115876212897353 0.23195497041045962 0.16760135956841374 -0.3765078682542538 0.10841130685110283 -0.29690308193613396 -0.8473504568547927 -0.06331486082762809 -0.3098969393050569 -0.034400766600644304 -0.2685755544239744
 0.1310000000000001 -0.13753329984397197 0.22636905085421255 0.059189709377139965 -0.4760556525681244 0.27103085083363865 0.24459319130035415 0.022555074887185892 0.3571131698084011 -0.17097340220951482 -0.31159304556778605 0.23195900840224365 0.167604277259342 -0.37651442269745433 0.10841319413105888 -0.29690825057814835 -0.8473652079686702 -0.06331596304538775 -0.30990233415084356 -0.03440136546693569 -0.26858022992577646
 0.1320000000000001 -0.13753571234033765 0.22637302163447526 0.05919074763448505 -0.4760640031460061 0.27103560503457297 0.24459748175354437 0.022555470529813926 0.3571194339947856 -0.1709764012847346 -0.31159851127747856 0.23196307723695778 0.16760721723613464 -0.37652102720470754 0.10841509582640922 -0.296913458699209 -0.8473800717542911 -0.06331707368209108 -0.30990777020346283 -0.03440196890747887 -0.26858494113992837
 0.1330000000000001 -0.13753814312276702 0.2263770225121681 0.059191793761537305 -0.47607241701898795 0.27104039527105217 0.24460180472719822 0.02255586917130505 0.35712574566199234 -0.1709794230921256 -0.3116040184157581 0.23196717691232802 0.1676101794971486 -0.3765276817723223 0.10841701193609105 -0.29691870629640515 -0.8473950482033483 -0.06331819273711735 -0.3099132474598766 -0.03440257692193659 -0.2685896880637971
 0.1340000000000001 -0.13754059218990164 0.2263810534850552 0.05919284775771211 -0.4760808941823679 0.2710452215403993 0.24460616021889983 0.022556270811436477 0.35713210480649416 -0.17098246762999914 -0.31160956697954695 0.23197130742606326 0.1676131640407284 -0.37653438639657977 0.10841894245903354 -0.2969239933668042 -0.8474101373074723 -0.06331932020984117 -0.30991876591702383 -0.03440318950996906 -0.2685944706947299
 0.1350000000000001 -0.13754305954037296 0.22638511455088398 0.05919390962242047 -0.47608943463140874 0.27105008383991736 0.2446105482262153 0.02255667544998377 0.35713851142473746 -0.17098553489665386 -0.3116151569657446 0.23197546877585531 0.16761617086520625 -0.37654114107373327 0.10842088739415791 -0.2969293199074517 -0.847425339058231 -0.06332045609963251 -0.30992432557182087 -0.03440380667123397 -0.26859928903005414
 0.1360000000000001 -0.1375455451728023 0.22638920570738527 0.05919497935506905 -0.47609803836133835 0.2710549821668894 0.24461496874669275 0.02255708308672083 0.3571449655131424 -0.17098862489037586 -0.3116207883712275 0.23197966095937897 0.16761919996890204 -0.3765479458000085 0.10842284674037737 -0.2969346859153713 -0.8474406534471303 -0.06332160040585666 -0.3099299264211611 -0.03440442840538646 -0.26860414306707747
 0.1370000000000001 -0.13754804908580082 0.22639332695227318 0.05919605695506016 -0.47610670536734956 0.2710599165185786 0.24461942177786225 0.022557493721419894 0.35715146706810286 -0.17099173760943867 -0.3116264611928491 0.2319838839742919 0.16762225135012326 -0.3765548005716034 0.10842482049659717 -0.29694009138756483 -0.8474560804656134 -0.06332275312787426 -0.3099355684619151 -0.03440505471207915 -0.26860903280308773
 0.1380000000000001 -0.1375505712779696 0.22639747828324516 0.059197142421791735 -0.47611543564460007 0.2710648868922281 0.2446239073172359 0.022557907353851544 0.3571580160859864 -0.1709948730521032 -0.3116321754274401 0.23198813781823469 0.16762532500716515 -0.37656170538468825 0.10842680866171457 -0.2969455363210123 -0.8474716201050613 -0.06332391426504129 -0.30994125169093073 -0.03440568559096212 -0.2686139582353531
 0.1390000000000001 -0.1375531117478996 0.22640165969798207 0.05919823575465737 -0.4761242291882127 0.27106989328506115 0.24462842536230783 0.022558323983784694 0.3571646125631344 -0.17099803121661783 -0.31163793107180815 0.2319924224888309 0.16762842093831057 -0.3765686602354056 0.10842881123461888 -0.29695102071267176 -0.8474872723567926 -0.06332508381670907 -0.30994697610503297 -0.03440632104168292 -0.2686189193611219
 0.1400000000000001 -0.1375556704941717 0.22640587119414804 0.059199336953046314 -0.4761330859932751 0.27107493569428115 0.24463297591055413 0.02255874361098661 0.35717125649586196 -0.17100121210121833 -0.31164372812273805 0.23199673798368703 0.16763153914183007 -0.3765756651198703 0.1084308282141914 -0.2969565445594796 -0.8475030372120635 -0.06332626178222425 -0.309952741701024 -0.034406961063886576 -0.26862391617762277
 0.1410000000000001 -0.13755824751535656 0.2264101127693906 0.059200446016343444 -0.47614200605484003 0.27108001411707144 0.24463755895943298 0.022559166235222895 0.35717794788045776 -0.1710044157041279 -0.3116495665769916 0.2320010843003925 0.16763467961598186 -0.37658272003416954 0.10843285959930547 -0.29696210785835025 -0.8475189146620682 -0.06332744816092885 -0.30995854847568327 -0.03440760565721559 -0.2686289486820645
 0.1420000000000001 -0.13756084281001482 0.22641438442134068 0.05920156294392931 -0.47615098936792527 0.27108512855059547 0.2446421745063845 0.022559591856257496 0.35718468671318443 -0.17100764202355717 -0.3116554464313078 0.23200546143651973 0.16763784235901186 -0.3765898249743629 0.10843490538882651 -0.2969677106061764 -0.8475349046979384 -0.06332864295216022 -0.3099643964257675 -0.034408254821309915 -0.2686340168716363
 0.1430000000000001 -0.137563456376697 0.2264186861476125 0.059202687735180094 -0.4761600359275136 0.27109027899199684 0.24464682254883094 0.022560020473852697 0.3571914729902783 -0.17101089105770426 -0.31166136768240277 0.23200986938962403 0.16764102736915365 -0.37659697993648217 0.10843696558161191 -0.2969733527998288 -0.8475510073107434 -0.06332984615525106 -0.30997028554801054 -0.034408908555807 -0.2686391207435075
 0.1440000000000001 -0.1375660882139435 0.22642301794580372 0.05920382038946764 -0.4761691457285528 0.2710954654383992 0.24465150308417646 0.02256045208776913 0.3571983067079495 -0.17101416280475468 -0.31166733032696964 0.23201430815724372 0.1676442346446285 -0.3766041849165316 0.10843904017651111 -0.29697903443615653 -0.8475672224914906 -0.06333105776952942 -0.3099762158391235 -0.03440956686034175 -0.26864426029482774
 0.1450000000000001 -0.13756873832028466 0.2264273798134953 0.05920496090615945 -0.4761783187659557 0.2711006878869062 0.24465621610980737 0.022560886697765774 0.35720518786238187 -0.1710174572628814 -0.3116733343616787 0.23201877773690008 0.1676474641836454 -0.3766114399104876 0.10844112917236562 -0.29698475551198683 -0.847583550231125 -0.06333227779431871 -0.30998218729579474 -0.034410229734546556 -0.268649435522727
 0.1460000000000001 -0.13757140669424067 0.2264317717482517 0.05920610928461866 -0.47618755503460014 0.2711059463346019 0.24466096162309195 0.022561324303599948 0.35721211644973305 -0.17102077443024483 -0.31167937978317745 0.23202327812609733 0.167650715984401 -0.37661874491429925 0.10844323256800896 -0.2969905160241251 -0.8475999905205294 -0.06333350622893769 -0.3099881999146899 -0.03441089717805127 -0.2686546464243155
 0.1470000000000001 -0.13757409333432166 0.22643619374762064 0.05920726552420409 -0.4761968545293292 0.2711112407785501 0.24466573962138058 0.02256176490502731 0.3572190924661345 -0.1710241143049928 -0.3116854665880903 0.23202780932232273 0.1676539900450797 -0.37662609992388774 0.10844535036226671 -0.29699631596935494 -0.8476165433505243 -0.06333474307270044 -0.3099942536924518 -0.034411569190483236 -0.2686598929966838
 0.1480000000000001 -0.13757679823902766 0.2264406458091333 0.0592084296242702 -0.4762062172449508 0.2711165712157949 0.24467055010200564 0.022562208501801878 0.35722611590769143 -0.1710274768852607 -0.3116915947730191 0.23203237132304644 0.16765728636385352 -0.3766335049351467 0.1084474825539565 -0.29700215534443825 -0.8476332087118682 -0.06333598832491645 -0.31000034862570064 -0.03441224577146726 -0.26866517523690264
 0.1490000000000001 -0.1375795214068486 0.22644512793030427 0.05920960158416711 -0.47621564317623816 0.2711219376433605 0.24467539306228164 0.022562655093676002 0.35723318677048294 -0.17103086216917132 -0.3116977643345426 0.2320369641257217 0.16766060493888227 -0.3766409599439422 0.108449629141888 -0.2970080341461151 -0.8476499865952575 -0.06333724198489053 -0.3100064847110338 -0.03441292692062563 -0.2686704931420231
 0.1500000000000001 -0.13758226283626435 0.2264496401086315 0.059210781403240605 -0.4762251323179294 0.2711273400582513 0.2446802684995051 0.022563104680400382 0.35724030505056187 -0.17103427015483488 -0.31170397526921684 0.23204158772778466 0.16766394576831345 -0.37664846494611265 0.1084517901248629 -0.2970139523711038 -0.8476668769913263 -0.06333850405192286 -0.31001266194502597 -0.034413612637578105 -0.2686758467090767
 0.1510000000000001 -0.1375850225257447 0.22645418234159637 0.05921196908083213 -0.4762346846647279 0.27113277845745165 0.24468517641095464 0.02256355726172407 0.3572474707439549 -0.17103770084034908 -0.31171022757357497 0.2320462421266545 0.16766730885028225 -0.3766560199374689 0.10845396550167502 -0.2970199100161009 -0.8476838798906466 -0.06333977452530896 -0.31001888032422914 -0.03441430292194194 -0.26868123593507504
 0.1520000000000001 -0.13758780047374933 0.22645875462666365 0.059213164616278784 -0.47624430021130204 0.2711382528379262 0.2446901167938909 0.02256401283739446 0.3572546838466626 -0.17104115422379915 -0.3117165212441273 0.23205092731973342 0.16767069418291158 -0.3766636249137942 0.10845615527111016 -0.29702590707778115 -0.8477009952837286 -0.06334105340433974 -0.31002513984517255 -0.03441499777333185 -0.2686866608170102
 0.1530000000000001 -0.1375905966787279 0.22646335696128156 0.059214368008913346 -0.47625397895228544 0.2711437631966197 0.24469508964555672 0.022564471407157293 0.35726194435465924 -0.17104463030325773 -0.31172285627736135 0.2320556433044066 0.1676741017643121 -0.37667127987084414 0.10845835943194622 -0.2970319435527976 -0.8477182231610199 -0.06334234068830144 -0.3100314405043627 -0.03441569719136005 -0.26869212135185455
 0.1540000000000001 -0.1375934111391199 0.22646798934288173 0.05921557925806425 -0.47626372088227675 0.27114930953045707 0.24470009496317693 0.022564932970756662 0.3572692522638931 -0.17104812907678496 -0.3117292326697418 0.23206039007804222 0.16767753159258217 -0.37667898480434686 0.10846057798295314 -0.2970380194377816 -0.8477355635129064 -0.06334363637647569 -0.31003778229828355 -0.034416401175636206 -0.26869761753656085
 0.1550000000000001 -0.1375962438533549 0.2264726517688792 0.0592167983630556 -0.4762735259958398 0.27115489183634334 0.24470513274395847 0.022565397527935006 0.3572766075702863 -0.1710516505424285 -0.31173565041771045 0.23206516763799154 0.1676809836658079 -0.3766867397100029 0.10846281092289294 -0.2970441347293426 -0.8477530163297119 -0.06334494046813949 -0.31004416522339623 -0.034417109725767496 -0.26870314936806206
 0.1560000000000001 -0.13759909481985225 0.22647734423667248 0.05921802532320717 -0.4762833942875036 0.2711605101111637 0.24471020298509039 0.022565865078433115 0.35728401026973466 -0.17105519469822342 -0.31174210951768644 0.2320699759815888 0.16768445798206308 -0.3766945445834851 0.10846505825051969 -0.2970502894240685 -0.8477705816016983 -0.06334625296256516 -0.3100505892761392 -0.03441782284135856 -0.2687087168432716
 0.1570000000000001 -0.13760196403702132 0.2264820667436435 0.05921926013783439 -0.4762933257517623 0.2711661643517836 0.24471530568374383 0.022566335621990126 0.35729146035810805 -0.17105876154219235 -0.311748609966066 0.23207481510615124 0.16768795453940932 -0.37670239942043904 0.10846731996457955 -0.2970564835185254 -0.8477882593190652 -0.06334757385902044 -0.31005705445292836 -0.034418540522011536 -0.2687143199590832
 0.1580000000000001 -0.13760485150326143 0.22648681928715758 0.05922050280624838 -0.4763033203830753 0.27117185455504855 0.2447204408370721 0.02256680915834353 0.3572989578312501 -0.17106235107234538 -0.31175515175922264 0.23207968500897921 0.16769147333589593 -0.3767103042164825 0.10846959606381072 -0.2970627170092577 -0.8478060494719506 -0.06334890315676842 -0.3100635607501568 -0.03441926276732603 -0.2687199587123709
 0.1590000000000001 -0.1376077572169618 0.2264916018645636 0.05922175332775593 -0.47631337817586716 0.2711775807177843 0.24472560844221053 0.02256728568722917 0.35730650268497843 -0.1710659632866801 -0.31176173489350706 0.23208458568735604 0.16769501436955997 -0.37671825896720584 0.10847188654694351 -0.297068989892788 -0.8478239520504303 -0.06335024085506753 -0.310070108164195 -0.034419989576899145 -0.26872563309998926
 0.16000000000000011 -0.13761068117650163 0.2264964144731938 0.059223011701659486 -0.4763234991245276 0.27118334283679685 0.24473080849627665 0.022567765208381232 0.3573140949150845 -0.17106959818318165 -0.3117683593652471 0.23208951713854814 0.16769857763842624 -0.37672626366817197 0.10847419141270026 -0.29707530216561734 -0.8478419670445181 -0.06335158695317163 -0.3100766966913909 -0.034420720950325466 -0.268731343118773
 0.16100000000000012 -0.13761362338025007 0.22650125711036392 0.059224277927257186 -0.4763336832234116 0.27118914090887225 0.2447360409963701 0.022568247721532264 0.3573217345173337 -0.17107325575982263 -0.311775025170748 0.23209447935980496 0.16770216314050732 -0.3767343183149161 0.10847651065979542 -0.29708165382422497 -0.8478600944441661 -0.06335294145032991 -0.31008332632806956 -0.03442145688719707 -0.26873708876553737
 0.16200000000000012 -0.1376165838265662 0.22650612977337314 0.059225552003842837 -0.4763439304668393 0.2711949749307769 0.24474130593957266 0.02256873322641316 0.35732942148746527 -0.17107693601456314 -0.31178173230629214 0.23209947234835898 0.1677057708738035 -0.37674242290294613 0.10847884428693554 -0.2970880448650685 -0.8478783342392644 -0.06335430434578695 -0.31008999707053364 -0.034422197387103504 -0.2687428700370779
 0.16300000000000012 -0.13761956251379906 0.22651103245950416 0.05922683393070593 -0.4763542408490962 0.27120084489925733 0.2447466033229482 0.022569221722753167 0.3573371558211925 -0.1710806389453508 -0.3117884807681391 0.23210449610142578 0.16770940083630287 -0.3767505774277423 0.1084811922928192 -0.2970944752845839 -0.8478966864196412 -0.06335567563878272 -0.3100967089150631 -0.03442294244963182 -0.2687486869301707
 0.16400000000000012 -0.1376225594402877 0.2265159651660231 0.059228123707131625 -0.47636461436443295 0.2712067508110403 0.24475193314354277 0.022569713210279892 0.35734493751420254 -0.17108436455012083 -0.3117952705525258 0.232109550616204 0.16771305302598127 -0.3767587818847576 0.10848355467613711 -0.29710094507918533 -0.847915150975063 -0.06335705532855254 -0.31010346185791515 -0.03442369207436656 -0.2687545394415719
 0.16500000000000012 -0.13762557460436106 0.22652092789017958 0.05922942133240078 -0.4763750510070655 0.2712126926628328 0.2447572953983846 0.02257020768871929 0.3573527665621564 -0.17108811282679584 -0.31180210165566646 0.23211463588987533 0.16771672744080232 -0.3767670362694172 0.10848593143557206 -0.29710745424526547 -0.8479337278952342 -0.06335844341432713 -0.3101102558953246 -0.03442444626088974 -0.26876042756801843
 0.16600000000000012 -0.1376286080043381 0.22652592062920673 0.05923072680578991 -0.47638555077117506 0.2712186704513221 0.244762690084484 0.02257070515779567 0.3573606429606892 -0.17109188377328607 -0.31180897407375247 0.23211975191960457 0.16772042407871743 -0.37677534057711914 0.10848832256979891 -0.29711400277919514 -0.8479524171697977 -0.06335983989533257 -0.3101170910235035 -0.03442520500878087 -0.2687663513062274
 0.16700000000000012 -0.13763165963852775 0.22653094338032118 0.05923204012657124 -0.47639611365090817 0.2712246841731756 0.24476811719883357 0.0225712056172317 0.3573685667054099 -0.17109567738748926 -0.3118158878029525 0.2321248987025396 0.16772414293766574 -0.3767836948032338 0.10849072807748464 -0.29712059067732366 -0.8479712187883344 -0.06336124477079036 -0.31012396723864133 -0.034425968317616976 -0.2687723106528964
 0.16800000000000012 -0.13763472950522887 0.22653599614072298 0.05923336129401267 -0.4764067396403766 0.2712307338250409 0.24477357673840797 0.022571709066748408 0.3573765377919015 -0.17109949366729071 -0.3118228428394126 0.2321300762358114 0.1677278840155742 -0.3767920989431042 0.10849314795728832 -0.2971272179359786 -0.8479901327403633 -0.06336265803991735 -0.310130884536905 -0.03442673618697254 -0.26877830560470345
 0.16900000000000012 -0.13763781760273033 0.22654107890759578 0.059234690307377776 -0.47641742873365744 0.27123681940354616 0.24477906870016405 0.022572215506065165 0.35738455621572085 -0.1711033326105632 -0.311829839179256 0.23213528451653398 0.16773164731035756 -0.37680055299204596 0.1084955822078611 -0.29713388455146605 -0.848009159015342 -0.06336407970192579 -0.31013784291443885 -0.034427508616419564 -0.268784336158307
 0.17000000000000012 -0.137640923929311 0.2265461916781067 0.05923602716592584 -0.47642818092479317 0.27124294090529943 0.2447845930810409 0.022572724934899712 0.35739262197239896 -0.17110719421516712 -0.3118368768185833 0.23214052354180453 0.16773543281991832 -0.3768090569453471 0.10849803082784626 -0.2971405905200703 -0.8480282976026662 -0.06336550975602331 -0.3101448423673646 -0.03442828560552753 -0.26879040231034584
 0.17100000000000012 -0.1376440484832397 0.2265513344494063 0.05923737186891182 -0.4764389962077915 0.2712490983268892 0.24479014987795972 0.02257323735296814 0.35740073505744074 -0.17111107847895038 -0.3118439557534724 0.23214579330870333 0.16773924054214684 -0.3768176107982684 0.10850049381587919 -0.2971473358380541 -0.8480475484916697 -0.06336694820141295 -0.31015188289178147 -0.034429067153863416 -0.2687965040574394
 0.17200000000000013 -0.13764719126277522 0.22655650721862883 0.059238724415586384 -0.4764498745766256 0.2712552916648842 0.24479573908782398 0.022573752759984904 0.35740889546632515 -0.17111498539974843 -0.3118510759799786 0.23215109381429375 0.1677430704749212 -0.3768262145460432 0.10850297117058735 -0.2971541205016585 -0.8480669116716251 -0.06336839503729312 -0.31015896448376606 -0.034429853260991704 -0.2688026413961873
 0.17300000000000013 -0.13765035226616643 0.22656170998289193 0.05924008480519587 -0.4764608160252339 0.27126152091583344 0.24480136070751932 0.02257427115566281 0.3574171031945051 -0.1711189149753843 -0.31185823749413427 0.23215642505562228 0.16774692261610738 -0.37683486818387735 0.10850546289059035 -0.2971609445071032 -0.8480863871317429 -0.06336985026285763 -0.31016608713937244 -0.034430643926474366 -0.2688088143231699
 0.17400000000000013 -0.1376535314916521 0.2265669427392968 0.05924145303698231 -0.4764718205475202 0.2712677860762662 0.24480701473391356 0.022574792539713028 0.3574253582374075 -0.17112286720366862 -0.31186544029194946 0.2321617870297186 0.16775079696355905 -0.3768435717069494 0.1085079689744999 -0.29716780785058594 -0.8481059748611721 -0.06337131387729568 -0.3101732508546321 -0.034431439149870874 -0.26881502283494774
 0.17500000000000013 -0.13765672893746106 0.22657220548492824 0.05924282911018346 -0.47648288813735373 0.27127408714269213 0.24481270116385676 0.022575316911845087 0.3574336605904334 -0.1711268420823995 -0.3118726843694113 0.23216717973359544 0.1677546935151178 -0.37685232511041045 0.1085104894209198 -0.29717471052828315 -0.8481256748490001 -0.06337278587979187 -0.310180455625554 -0.03443223893073819 -0.268821266928062
 0.17600000000000013 -0.1376599446018121 0.2265774982168545 0.05924421302403275 -0.4764940187885692 0.2712804241116011 0.24481841999418122 0.02257584427176688 0.3574420102489579 -0.17113083960936268 -0.31187996972248433 0.2321726031642487 0.16775861226861294 -0.3768611283893843 0.10851302422844601 -0.29718165253634954 -0.8481454870842527 -0.06337426626952619 -0.3101877014481247 -0.034433043268630795 -0.2688275465990344
 0.17700000000000013 -0.13766317848291404 0.22658282093212745 0.05924560477775931 -0.4765052124949665 0.27128679697946323 0.24482417122170141 0.022576374619184655 0.35745040720832993 -0.17113485978233145 -0.3118872963471105 0.23217805731865745 0.1677625532218617 -0.37686998153896734 0.10851557339566659 -0.29718863387091826 -0.8481654115558941 -0.06337575504567404 -0.31019498831830805 -0.034433852163100645 -0.268833861844367
 0.17800000000000013 -0.1376664305789657 0.2265881736277825 0.059247004370587976 -0.47651646925031116 0.2712932057427291 0.24482995484321413 0.022576907953803023 0.35745885146387274 -0.1711389025990667 -0.3118946642392091 0.2321835421937839 0.16776651637266907 -0.37687888455422863 0.10851813692116173 -0.297195654528101 -0.8481854482528269 -0.06337725220740621 -0.3102023162320456 -0.034434665613697214 -0.2688402126605423
 0.17900000000000013 -0.13766970088815592 0.2265935563008386 0.05924841180173928 -0.476527789048334 0.2712996503978295 0.2448357708554983 0.022577444275324963 0.3574673430108835 -0.1711429680573169 -0.3119020733946768 0.23218905778657337 0.16777050171882787 -0.37688783743020987 0.10852071480350375 -0.29720271450398766 -0.8482055971638923 -0.06337875775388892 -0.31020968518525616 -0.034435483619967476 -0.2688465990440235
 0.18000000000000013 -0.13767298940866354 0.2265989689482983 0.059249827070429466 -0.4765391718827313 0.27130613094117556 0.24484161925531514 0.022577983583451807 0.3574758818446335 -0.17114705615481812 -0.31190952380938763 0.2321946040939544 0.1677745092581188 -0.3768968401619255 0.1085233070412571 -0.2972098137946469 -0.84822585827787 -0.06338027168428374 -0.31021709517383617 -0.034436306181455906 -0.2688530209912542
 0.18100000000000013 -0.13767629613865748 0.22660441156714775 0.05925125017587048 -0.47655061774716495 0.2713126473691588 0.24484750003940817 0.022578525877883258 0.3574844679603682 -0.171151166889294 -0.31191701547919304 0.23220018111283866 0.16777853898831033 -0.37690589274436254 0.10852591363297835 -0.29721695239612556 -0.848246231583478 -0.06338179399774771 -0.31022454619365963 -0.03443713329770448 -0.26885947849865843
 0.18200000000000013 -0.13767962107629658 0.2266098841543566 0.05925268111726998 -0.4765621266352621 0.271319199678151 0.24485341320450307 0.022579071158317383 0.357493101353307 -0.17115530025845577 -0.31192454839992184 0.23220578884012102 0.16778259090715883 -0.3769149951724808 0.10852853457721623 -0.29722413030444905 -0.8482667170693731 -0.06338332469343323 -0.310232038240578 -0.03443796496825269 -0.26886597156264086
 0.18300000000000013 -0.1376829642197298 0.2266153867068781 0.059254119893831315 -0.4765736985406155 0.27132578786450434 0.24485935874730788 0.02257961942445061 0.3575017820186434 -0.1711594562600023 -0.3119321225673803 0.23221142727267952 0.16778666501240852 -0.37692414744121266 0.10853116987251159 -0.2972313475156213 -0.8482873147241503 -0.06338486377048813 -0.31023957131042024 -0.034438801192637515 -0.26887250017958664
 0.18400000000000014 -0.13768632556709612 0.2266209192216492 0.05925556650475356 -0.47658533345678333 0.2713324119245514 0.24486533666451285 0.02258017067597773 0.35751050995154526 -0.1711636348916201 -0.311939737977352 0.2322170964073754 0.16779076130179144 -0.37693334954546337 0.10853381951739743 -0.2972386040256247 -0.8483080245363437 -0.06338641122805563 -0.3102471453989929 -0.03443964197039345 -0.26887906434586145
 0.18500000000000014 -0.13768970511652448 0.2266264816955903 0.0592570209492315 -0.47659703137728937 0.271339071854605 0.24487134695279053 0.022580724912591905 0.3575192851471543 -0.17116783615098316 -0.3119473946255982 0.23222279624105308 0.16779487977302748 -0.3769426014801108 0.1085364835103989 -0.29724589983042005 -0.8483288464944255 -0.0633879670652744 -0.31025476050208006 -0.03444048730105251 -0.26888566405781156
 0.18600000000000014 -0.13769310286613395 0.22663207412560551 0.05925848322645563 -0.47660879229562286 0.27134576765095847 0.24487738960879576 0.02258128213398466 0.35752810760058656 -0.17117206003575322 -0.3119550925078572 0.23222852677054018 0.1677990204238244 -0.37695190324000555 0.1085391618500333 -0.2972532349259467 -0.848349780586807 -0.06338953128127849 -0.3102624166154434 -0.03444133718414419 -0.2688922993117637
 0.18700000000000014 -0.1376965188140336 0.2266376965085825 0.05925995333561216 -0.4766206162052386 0.2713524993098854 0.2448834646291657 0.022581842339845896 0.35753697730693207 -0.1711763065435796 -0.31196283161984506 0.23223428799264753 0.1678031832518779 -0.376961254819971 0.10854185453481006 -0.29726060930812254 -0.8483708268018377 -0.06339110387519738 -0.31027011373482205 -0.03444219161919552 -0.2688989701040253
 0.18800000000000014 -0.13769995295832257 0.22664334884139262 0.059261431275883014 -0.4766325030995569 0.2713592668276399 0.2448895720105197 0.022582405529863868 0.35754589426125516 -0.1711805756720992 -0.31197061195725523 0.2322400799041692 0.16780736825487141 -0.37697065621480325 0.10854456156323078 -0.29726802297284394 -0.8483919851278061 -0.06339268484615597 -0.3102778518559329 -0.03444305060573103 -0.26890567643088414
 0.18900000000000014 -0.13770340529709002 0.22664903112089074 0.05926291704644584 -0.4766444529719637 0.2713660702004563 0.24489571174945954 0.022582971703725207 0.3575548584585942 -0.17118486741893665 -0.3119784335157585 0.23224590250188243 0.16781157543047637 -0.3769801074192712 0.10854728293378922 -0.29727547591598574 -0.8484132555529393 -0.06339427419327458 -0.31028563097447015 -0.03444391414327277 -0.26891241828860873
 0.19000000000000014 -0.13770687582841518 0.22665474334391544 0.059264410646473996 -0.4766564658158104 0.2713729094245494 0.24490188384256928 0.022583540861114915 0.3575638698939618 -0.17118918178170414 -0.3119862962910032 0.23225175578254773 0.167815804776352 -0.37698960842811646 0.1085500186449713 -0.29728296813340144 -0.8484346380654031 -0.06339587191566894 -0.31029345108610584 -0.03444478223134029 -0.26891919567344813
 0.19100000000000014 -0.1377103645503673 0.22666048550728893 0.059265912075136574 -0.47666854162441413 0.2713797844961145 0.24490808828641525 0.022584113001716356 0.35757292856234485 -0.1711935187580015 -0.31199420027861524 0.2322576397429088 0.16782005629014546 -0.37699915923605354 0.10855276869525508 -0.2972904996209229 -0.848456132653302 -0.06339747801245021 -0.31030131218648954 -0.03444565486945065 -0.26892600858163196
 0.19200000000000014 -0.1377138714610058 0.22666625760781706 0.05926742133159838 -0.47668068039105754 0.2713866954113272 0.24491432507754615 0.022584688125211274 0.35758203445870423 -0.17119787834541625 -0.31200214547419786 0.23226355437969262 0.1678243299694918 -0.3770087598377696 0.10855553308311083 -0.29729807037436073 -0.8484777393046794 -0.06339909248272499 -0.31030921427124836 -0.034446532057118444 -0.2689328570093704
 0.19300000000000014 -0.13771739655838006 0.22667205964228931 0.059268938415019956 -0.47669288210898886 0.2713936421663436 0.24492059421249301 0.022585266231279773 0.3575911875779752 -0.17120226054152352 -0.3120101318733318 0.23226949968960942 0.1678286258120139 -0.3770184102279247 0.10855831180700096 -0.2973056803895039 -0.8484994580075174 -0.06340071532559528 -0.310317157335987 -0.03444741379385577 -0.26893974095285433
 0.19400000000000014 -0.13772093984052955 0.22667789160747884 0.05927046332455756 -0.47670514677142206 0.2714006247573002 0.2449268956877692 0.02258584731960034 0.35760038791506715 -0.1712066653438861 -0.3120181594715754 0.23227547566935264 0.16783294381532268 -0.3770281104011517 0.10856110486538005 -0.2973133296621201 -0.8485212887497369 -0.06340234654015853 -0.310325141376288 -0.03444830007917224 -0.26894666040825516
 0.19500000000000015 -0.13772450130548383 0.22668375350014242 0.05927199605936317 -0.47671747437153666 0.2714076431803139 0.24493322949987045 0.022586431389849823 0.3576096354648637 -0.17121109275005447 -0.31202622826446447 0.232281482315599 0.1678372839770168 -0.3770378603520563 0.10856391225669487 -0.2973210181879555 -0.8485432315191977 -0.0634039861255076 -0.31033316638771136 -0.03444919091257498 -0.26895361537172496
 0.19600000000000015 -0.13772808095126257 0.22668964531702054 0.05927353661858451 -0.4767298649024779 0.2714146974314821 0.2449395956452748 0.022587018441703452 0.3576189302222227 -0.17121554275756676 -0.3120343382475123 0.2322875196250085 0.16784164629468293 -0.37704766007521695 0.10856673397938436 -0.29732874596273484 -0.8485652863036987 -0.0634056340807308 -0.31034123236579464 -0.034450086293568646 -0.2689606058393964
 0.19700000000000015 -0.13773167877587547 0.2266955670548374 0.05927508500136504 -0.47674231835735653 0.2714217875068827 0.24494599412044268 0.022587608474834826 0.35762827218197635 -0.17122001536394876 -0.3120424894162098 0.2322935875942244 0.1678460307658956 -0.3770575095651851 0.10856957003187966 -0.2973365129821615 -0.8485874530909772 -0.06340729040491187 -0.31034933930605324 -0.034450986221655405 -0.2689676318073828
 0.19800000000000015 -0.13773529477732235 0.2267015187103008 0.059276641206843936 -0.47675483472924923 0.2714289134025739 0.2449524249218169 0.022588201488915917 0.357637661338931 -0.17122451056671398 -0.31205068176602535 0.23229968621987324 0.1678504373882173 -0.3770674088164849 0.10857242041260405 -0.2973443192419175 -0.8486097318687097 -0.06340895509712999 -0.31035748720398015 -0.03445189069633495 -0.2689746932717781
 0.19900000000000015 -0.1377389289535931 0.22670750028010228 0.05927820523415612 -0.4767674140111982 0.2714360751145946 0.24495888804582264 0.022588797483617074 0.3576470976878673 -0.17122902836336354 -0.31205891529240487 0.23230581549856483 0.16785486615919845 -0.3770773578236134 0.10857528511997305 -0.29735216473766335 -0.8486321226245117 -0.06341062815645976 -0.310365676055046 -0.03445279971710448 -0.2689817902286568
 0.20000000000000015 -0.1377425813026677 0.22671351176091706 0.05927977708243224 -0.4767800561962115 0.271443272638964 0.24496538348886743 0.02258939645860702 0.35765658122354016 -0.1712335687513863 -0.3120671899907719 0.2323119754268923 0.16785931707637736 -0.37708735658104064 0.10857816415239435 -0.29736004946503825 -0.8486546253459376 -0.06341230958197124 -0.31037390585469915 -0.03445371328345874 -0.2689889226740743
