0.001 0.44124845147701425 
0.002 0.4412484388479242 
0.003 0.44444441840667237 
0.004 0.44444439442354916 
0.005 0.4444443683783372 
0.006 0.4444443319405276 
0.007 0.4444442933720712 
0.008 0.4444442444822804 
0.009000000000000001 0.44444419339378455 
0.010000000000000002 0.44444413205570754 
0.011000000000000003 0.44444406845136336 
0.012000000000000004 0.44444399466967094 
0.013000000000000005 0.444443918554653 
0.014000000000000005 0.44444383233500584 
0.015000000000000006 0.44444374371547357 
0.016000000000000007 0.4444436450645136 
0.017000000000000008 0.44444354394760605 
0.01800000000000001 0.44444343287295557 
0.01900000000000001 0.4444433192668036 
0.02000000000000001 0.44444319577706626 
0.02100000000000001 0.444443069690773 
0.022000000000000013 0.44444293379553484 
0.023000000000000013 0.44444279523919383 
0.024000000000000014 0.4444426469490186 
0.025000000000000015 0.44444249593369795 
0.026000000000000016 0.44444233526012766 
0.027000000000000017 0.4444421717978769 
0.028000000000000018 0.4444419987534344 
0.02900000000000002 0.44444182285727496 
0.03000000000000002 0.4444416374554583 
0.03100000000000002 0.44444144913940076 
0.03200000000000002 0.44444125139467217 
0.03300000000000002 0.4444410506736924 
0.03400000000000002 0.4444408406015052 
0.035000000000000024 0.44444062749155255 
0.036000000000000025 0.444440405108319 
0.037000000000000026 0.4444401796263236 
0.03800000000000003 0.44443994494943173 
0.03900000000000003 0.44443970711328457 
0.04000000000000003 0.44443946016108843 
0.04100000000000003 0.44443920998965414 
0.04200000000000003 0.4444389507814764 
0.04300000000000003 0.4444386882945865 
0.04400000000000003 0.44443841685071406 
0.04500000000000003 0.4444381420691649 
0.046000000000000034 0.4444378584108447 
0.047000000000000035 0.44443757135639295 
0.048000000000000036 0.44443727550583395 
0.04900000000000004 0.44443697620120254 
0.05000000000000004 0.4444366681815759 
0.05100000000000004 0.4444363566504389 
0.05200000000000004 0.4444360364858681 
0.05300000000000004 0.44443571275286314 
0.05400000000000004 0.4444353804684227 
0.05500000000000004 0.4444350445591344 
0.05600000000000004 0.4444347001808565 
0.057000000000000044 0.4444343521218275 
0.058000000000000045 0.4444339956766913 
0.059000000000000045 0.44443363549540704 
0.060000000000000046 0.4444332670113325 
0.06100000000000005 0.444432894736223 
0.06200000000000005 0.44443251424208263 
0.06300000000000004 0.444432129902529 
0.06400000000000004 0.4444317374281257 
0.06500000000000004 0.4444313410544426 
0.06600000000000004 0.44443093663052347 
0.06700000000000005 0.44443052825396584 
0.06800000000000005 0.4444301119122085 
0.06900000000000005 0.4444296915649633 
0.07000000000000005 0.4444292633379792 
0.07100000000000005 0.44442883105316444 
0.07200000000000005 0.4444283909744938 
0.07300000000000005 0.44442794678615355 
0.07400000000000005 0.4444274948902591 
0.07500000000000005 0.44442703883336526 
0.07600000000000005 0.44442657515563344 
0.07700000000000005 0.4444261072660754 
0.07800000000000006 0.4444256318428084 
0.07900000000000006 0.4444251521573937 
0.08000000000000006 0.4444246650258052 
0.08100000000000006 0.4444241735822576 
0.08200000000000006 0.4444236747804788 
0.08300000000000006 0.44442317161742734 
0.08400000000000006 0.44442266118449253 
0.08500000000000006 0.44442214634147337 
0.08600000000000006 0.4444216243173177 
0.08700000000000006 0.44442109783477235 
0.08800000000000006 0.44442056426023396 
0.08900000000000007 0.4444200261794974 
0.09000000000000007 0.444419481096307 
0.09100000000000007 0.4444189314596103 
0.09200000000000007 0.44441837491039016 
0.09300000000000007 0.4444178137608563 
0.09400000000000007 0.4444172457891125 
0.09500000000000007 0.44441667317074474 
0.09600000000000007 0.4444160938208726 
0.09700000000000007 0.44441550977855876 
0.09800000000000007 0.44441491909582614 
0.09900000000000007 0.4444143236753308 
0.10000000000000007 0.44441372170587945 
0.10100000000000008 0.4444131149538375 
0.10200000000000008 0.444412501744679 
0.10300000000000008 0.44441188370859613 
0.10400000000000008 0.4444112593076047 
0.10500000000000008 0.4444106300358465 
0.10600000000000008 0.4444099944917598 
0.10700000000000008 0.444409354033548 
0.10800000000000008 0.44440870739595517 
0.10900000000000008 0.44440805580137116 
0.11000000000000008 0.4444073981207118 
0.11100000000000008 0.4444067354406806 
0.11200000000000009 0.44440606676823563 
0.11300000000000009 0.4444053930545259 
0.11400000000000009 0.4444047134424232 
0.11500000000000009 0.4444040287476426 
0.11600000000000009 0.4444033382488428 
0.11700000000000009 0.44440264262642687 
0.11800000000000009 0.44440194129471733 
0.11900000000000009 0.44440123479893817 
0.12000000000000009 0.44440052268892927 
0.1210000000000001 0.44439980537487356 
0.1220000000000001 0.44439908254199967 
0.1230000000000001 0.4443983544655747 
0.1240000000000001 0.4443976209660768 
0.12500000000000008 0.44439688218400086 
0.12600000000000008 0.44439613807493145 
0.12700000000000009 0.444395388644727 
0.12800000000000009 0.4443946339839445 
0.1290000000000001 0.4443938739639358 
0.1300000000000001 0.4443931088100851 
0.1310000000000001 0.4443923382593867 
0.1320000000000001 0.44439156267191104 
0.1330000000000001 0.44439078165042983 
0.1340000000000001 0.444389995689556 
0.1350000000000001 0.44438920425797956 
0.1360000000000001 0.4443884079847116 
0.1370000000000001 0.44438760620450235 
0.1380000000000001 0.44438679968061645 
0.1390000000000001 0.4443859876140114 
0.1400000000000001 0.4443851709020488 
0.1410000000000001 0.4443843486120458 
0.1420000000000001 0.4443835217753159 
0.1430000000000001 0.4443826893256709 
0.1440000000000001 0.4443818524282281 
0.1450000000000001 0.4443810098834486 
0.1460000000000001 0.4443801629901017 
0.1470000000000001 0.4443793104154395 
0.1480000000000001 0.4443784535917349 
0.1490000000000001 0.4443775910531837 
0.1500000000000001 0.44437672436540343 
0.1510000000000001 0.44437585192968837 
0.1520000000000001 0.4443749754448465 
0.1530000000000001 0.4443740931794159 
0.1540000000000001 0.44437320696524163 
0.1550000000000001 0.44437231493826546 
0.1560000000000001 0.44437141906320826 
0.1570000000000001 0.4443705173435658 
0.1580000000000001 0.44436961187678375 
0.1590000000000001 0.44436870053406363 
0.16000000000000011 0.4443677855454161 
0.16100000000000012 0.4443668646498998 
0.16200000000000012 0.444365940209939 
0.16300000000000012 0.44436500983260463 
0.16400000000000012 0.444364076012571 
0.16500000000000012 0.44436313622508167 
0.16600000000000012 0.4443621930968963 
0.16700000000000012 0.44436124397158905 
0.16800000000000012 0.4443602916078495 
0.16900000000000012 0.44435933321773247 
0.17000000000000012 0.44435837169169967 
0.17100000000000012 0.44435740411044566 
0.17200000000000013 0.44435643349603865 
0.17300000000000013 0.4443554567979759 
0.17400000000000013 0.44435447716977494 
0.17500000000000013 0.4443534914298772 
0.17600000000000013 0.44435250286309713 
0.17700000000000013 0.4443515081569853 
0.17800000000000013 0.4443505107274776 
0.17900000000000013 0.444349507131402 
0.18000000000000013 0.4443485009156594 
0.18100000000000013 0.44434748850649536 
0.18200000000000013 0.444346473581621 
0.18300000000000013 0.4443454524368649 
0.18400000000000014 0.44434442888058223 
0.18500000000000014 0.44434339907834197 
0.18600000000000014 0.44434236696898294 
0.18700000000000014 0.44434132858796593 
0.18800000000000014 0.444340288004456 
0.18900000000000014 0.4443392411239705 
0.19000000000000014 0.4443381921458321 
0.19100000000000014 0.4443371368457672 
0.19200000000000014 0.4443360795531045 
0.19300000000000014 0.4443350159139367 
0.19400000000000014 0.44433395038742735 
0.19500000000000015 0.44433287849019953 
0.19600000000000015 0.444331804811094 
0.19700000000000015 0.4443307247374113 
0.19800000000000015 0.4443296429875196 
0.19900000000000015 0.4443285548195468 
0.20000000000000015 0.4443274650812286 
