180

   3.67423     3.53554     3.46410

   0.0000000   0.0000000   0.0000000
   0.6123722   0.3535534   0.0000000
   1.2247445   0.0000000   0.0000000
   1.8371177   0.3535534   0.0000000
   2.4494900   0.0000000   0.0000000
   3.0618622   0.3535534   0.0000000
   0.0000000   0.7071068   0.0000000
   0.6123722   1.0606602   0.0000000
   1.2247445   0.7071068   0.0000000
   1.8371177   1.0606602   0.0000000
   2.4494900   0.7071068   0.0000000
   3.0618622   1.0606602   0.0000000
   0.0000000   1.4142136   0.0000000
   0.6123722   1.7677669   0.0000000
   1.2247445   1.4142136   0.0000000
   1.8371177   1.7677669   0.0000000
   2.4494900   1.4142136   0.0000000
   3.0618622   1.7677669   0.0000000
   0.0000000   2.1213203   0.0000000
   0.6123722   2.4748737   0.0000000
   1.2247445   2.1213203   0.0000000
   1.8371177   2.4748737   0.0000000
   2.4494900   2.1213203   0.0000000
   3.0618622   2.4748737   0.0000000
   0.0000000   2.8284271   0.0000000
   0.6123722   3.1819805   0.0000000
   1.2247445   2.8284271   0.0000000
   1.8371177   3.1819805   0.0000000
   2.4494900   2.8284271   0.0000000
   3.0618622   3.1819805   0.0000000
   0.4082485   0.0000000   0.5773507
   1.0206207   0.3535534   0.5773507
   1.6329930   0.0000000   0.5773507
   2.2453652   0.3535534   0.5773507
   2.8577385   0.0000000   0.5773507
   3.4701107   0.3535534   0.5773507
   0.4082485   0.7071068   0.5773507
   1.0206207   1.0606602   0.5773507
   1.6329930   0.7071068   0.5773507
   2.2453652   1.0606602   0.5773507
   2.8577385   0.7071068   0.5773507
   3.4701107   1.0606602   0.5773507
   0.4082485   1.4142136   0.5773507
   1.0206207   1.7677669   0.5773507
   1.6329930   1.4142136   0.5773507
   2.2453652   1.7677669   0.5773507
   2.8577385   1.4142136   0.5773507
   3.4701107   1.7677669   0.5773507
   0.4082485   2.1213203   0.5773507
   1.0206207   2.4748737   0.5773507
   1.6329930   2.1213203   0.5773507
   2.2453652   2.4748737   0.5773507
   2.8577385   2.1213203   0.5773507
   3.4701107   2.4748737   0.5773507
   0.4082485   2.8284271   0.5773507
   1.0206207   3.1819805   0.5773507
   1.6329930   2.8284271   0.5773507
   2.2453652   3.1819805   0.5773507
   2.8577385   2.8284271   0.5773507
   3.4701107   3.1819805   0.5773507
   0.0000000   0.0000000   1.1547004
   0.6123722   0.3535534   1.1547004
   1.2247445   0.0000000   1.1547004
   1.8371177   0.3535534   1.1547004
   2.4494900   0.0000000   1.1547004
   3.0618622   0.3535534   1.1547004
   0.0000000   0.7071068   1.1547004
   0.6123722   1.0606602   1.1547004
   1.2247445   0.7071068   1.1547004
   1.8371177   1.0606602   1.1547004
   2.4494900   0.7071068   1.1547004
   3.0618622   1.0606602   1.1547004
   0.0000000   1.4142136   1.1547004
   0.6123722   1.7677669   1.1547004
   1.2247445   1.4142136   1.1547004
   1.8371177   1.7677669   1.1547004
   2.4494900   1.4142136   1.1547004
   3.0618622   1.7677669   1.1547004
   0.0000000   2.1213203   1.1547004
   0.6123722   2.4748737   1.1547004
   1.2247445   2.1213203   1.1547004
   1.8371177   2.4748737   1.1547004
   2.4494900   2.1213203   1.1547004
   3.0618622   2.4748737   1.1547004
   0.0000000   2.8284271   1.1547004
   0.6123722   3.1819805   1.1547004
   1.2247445   2.8284271   1.1547004
   1.8371177   3.1819805   1.1547004
   2.4494900   2.8284271   1.1547004
   3.0618622   3.1819805   1.1547004
   0.4082485   0.0000000   1.7320511
   1.0206207   0.3535534   1.7320511
   1.6329930   0.0000000   1.7320511
   2.2453652   0.3535534   1.7320511
   2.8577385   0.0000000   1.7320511
   3.4701107   0.3535534   1.7320511
   0.4082485   0.7071068   1.7320511
   1.0206207   1.0606602   1.7320511
   1.6329930   0.7071068   1.7320511
   2.2453652   1.0606602   1.7320511
   2.8577385   0.7071068   1.7320511
   3.4701107   1.0606602   1.7320511
   0.4082485   1.4142136   1.7320511
   1.0206207   1.7677669   1.7320511
   1.6329930   1.4142136   1.7320511
   2.2453652   1.7677669   1.7320511
   2.8577385   1.4142136   1.7320511
   3.4701107   1.7677669   1.7320511
   0.4082485   2.1213203   1.7320511
   1.0206207   2.4748737   1.7320511
   1.6329930   2.1213203   1.7320511
   2.2453652   2.4748737   1.7320511
   2.8577385   2.1213203   1.7320511
   3.4701107   2.4748737   1.7320511
   0.4082485   2.8284271   1.7320511
   1.0206207   3.1819805   1.7320511
   1.6329930   2.8284271   1.7320511
   2.2453652   3.1819805   1.7320511
   2.8577385   2.8284271   1.7320511
   3.4701107   3.1819805   1.7320511
   0.0000000   0.0000000   2.3094009
   0.6123722   0.3535534   2.3094009
   1.2247445   0.0000000   2.3094009
   1.8371177   0.3535534   2.3094009
   2.4494900   0.0000000   2.3094009
   3.0618622   0.3535534   2.3094009
   0.0000000   0.7071068   2.3094009
   0.6123722   1.0606602   2.3094009
   1.2247445   0.7071068   2.3094009
   1.8371177   1.0606602   2.3094009
   2.4494900   0.7071068   2.3094009
   3.0618622   1.0606602   2.3094009
   0.0000000   1.4142136   2.3094009
   0.6123722   1.7677669   2.3094009
   1.2247445   1.4142136   2.3094009
   1.8371177   1.7677669   2.3094009
   2.4494900   1.4142136   2.3094009
   3.0618622   1.7677669   2.3094009
   0.0000000   2.1213203   2.3094009
   0.6123722   2.4748737   2.3094009
   1.2247445   2.1213203   2.3094009
   1.8371177   2.4748737   2.3094009
   2.4494900   2.1213203   2.3094009
   3.0618622   2.4748737   2.3094009
   0.0000000   2.8284271   2.3094009
   0.6123722   3.1819805   2.3094009
   1.2247445   2.8284271   2.3094009
   1.8371177   3.1819805   2.3094009
   2.4494900   2.8284271   2.3094009
   3.0618622   3.1819805   2.3094009
   0.4082485   0.0000000   2.8867516
   1.0206207   0.3535534   2.8867516
   1.6329930   0.0000000   2.8867516
   2.2453652   0.3535534   2.8867516
   2.8577385   0.0000000   2.8867516
   3.4701107   0.3535534   2.8867516
   0.4082485   0.7071068   2.8867516
   1.0206207   1.0606602   2.8867516
   1.6329930   0.7071068   2.8867516
   2.2453652   1.0606602   2.8867516
   2.8577385   0.7071068   2.8867516
   3.4701107   1.0606602   2.8867516
   0.4082485   1.4142136   2.8867516
   1.0206207   1.7677669   2.8867516
   1.6329930   1.4142136   2.8867516
   2.2453652   1.7677669   2.8867516
   2.8577385   1.4142136   2.8867516
   3.4701107   1.7677669   2.8867516
   0.4082485   2.1213203   2.8867516
   1.0206207   2.4748737   2.8867516
   1.6329930   2.1213203   2.8867516
   2.2453652   2.4748737   2.8867516
   2.8577385   2.1213203   2.8867516
   3.4701107   2.4748737   2.8867516
   0.4082485   2.8284271   2.8867516
   1.0206207   3.1819805   2.8867516
   1.6329930   2.8284271   2.8867516
   2.2453652   3.1819805   2.8867516
   2.8577385   2.8284271   2.8867516
   3.4701107   3.1819805   2.8867516
