      0.285381       0.253358
      0.093469       0.608497
      0.903420       0.195873
      0.462954       0.939021
      0.127216       0.415931
      0.533739       0.107446
      0.399671       0.650371
      0.027072       0.076975
      0.068986       0.851946
      0.637346       0.573097
      0.902278       0.887676
      0.372177       0.347516
      0.207896       0.569131
      0.364677       0.392418
      0.366707       0.432149
      0.153942       0.626891
      0.749454       0.341041
      0.830393       0.260601
      0.966015       0.246261
      0.645665       0.915643
      0.370466       0.352278
      0.963054       0.407168
      0.120507       0.318230
      0.848163       0.967238
      0.568860       0.761634
      0.085462       0.967902
      0.259508       0.915107
      0.551639       0.754100
      0.481835       0.136843
      0.804562       0.443918
      0.603843       0.422104
      0.227563       0.311214
      0.565819       0.467339
      0.789985       0.405079
      0.685657       0.987090
      0.475420       0.783111
      0.354559       0.471398
      0.784665       0.076338
      0.992390       0.391180
      0.957393       0.696773
      0.314085       0.284109
      0.268218       0.782200
      0.569833       0.170955
      0.544049       0.373505
      0.436460       0.131856
      0.402225       0.813780
      0.846194       0.247224
      0.848891       0.125000
      0.723776       0.570908
      0.576597       0.575701
      0.371247       0.190340
      0.292884       0.070119
      0.165854       0.464180
      0.025128       0.100874
      0.466972       0.751153
      0.535804       0.939709
      0.648555       0.345070
      0.576221       0.960439
      0.751055       0.440841
      0.592219       0.587946
      0.635246       0.802780
      0.152497       0.268897
      0.715561       0.340112
      0.794237       0.164305
      0.814976       0.509733
      0.468036       0.313408
      0.321390       0.903370
      0.437181       0.232560
      0.848332       0.741889
      0.118422       0.948616
      0.931874       0.192072
      0.022089       0.856536
      0.788797       0.369602
      0.863095       0.051376
      0.417035       0.695156
      0.606577       0.393233
      0.046438       0.150532
      0.012478       0.479274
      0.972874       0.414284
      0.383986       0.456213
      0.821011       0.913640
      0.484501       0.215353
      0.263269       0.297519
      0.654137       0.636396
      0.303634       0.783166
      0.411615       0.950605
      0.848970       0.860773
      0.286736       0.319144
      0.728039       0.526324
      0.476498       0.717755
      0.609186       0.991330
      0.579996       0.281559
      0.329128       0.264081
      0.793036       0.040341
      0.458182       0.618001
      0.726035       0.496882
      0.570783       0.415503
      0.674172       0.354209
      0.928287       0.202790
      0.021345       0.168762
      0.036714       0.973370
      0.840079       0.748693
      0.097159       0.891532
      0.637096       0.057226
      0.030098       0.835767
      0.076452       0.181294
      0.073577       0.065652
      0.686483       0.499150
      0.066277       0.673497
      0.781190       0.399849
      0.392408       0.629321
      0.089971       0.608849
      0.195354       0.039137
      0.017359       0.267983
      0.997223       0.595154
      0.178476       0.850840
      0.568406       0.797594
      0.232227       0.301180
      0.617243       0.170118
      0.701525       0.059675
      0.609089       0.455617
      0.791396       0.608460
      0.156537       0.080438
      0.175200       0.123986
      0.760878       0.691235
      0.642909       0.471439
      0.752769       0.049222
      0.945066       0.007960
      0.871852       0.188499
      0.622861       0.804661
      0.616918       0.520178
      0.349264       0.358489
      0.105435       0.970689
      0.930324       0.529455
      0.926283       0.483370
      0.438144       0.782822
      0.688839       0.015715
      0.387701       0.840031
      0.930872       0.545140
      0.830530       0.576726
      0.264935       0.694303
      0.282464       0.597615
      0.281463       0.580406
      0.824127       0.220455
      0.512836       0.534484
      0.246576       0.211282
      0.937589       0.377505
      0.391949       0.344423
      0.043523       0.462229
      0.316165       0.562717
      0.342020       0.679833
      0.790453       0.092689
      0.081117       0.484688
      0.534864       0.692170
      0.879338       0.996232
      0.478421       0.798840
      0.521576       0.626088
      0.857800       0.193043
      0.614009       0.667251
      0.567166       0.732597
      0.605359       0.414828
      0.396796       0.829541
      0.514326       0.217744
      0.900268       0.173440
      0.535063       0.034347
      0.392767       0.197223
      0.724519       0.350608
      0.669634       0.602798
      0.780698       0.418686
      0.082358       0.644297
      0.836515       0.278693
      0.529496       0.404427
      0.314757       0.722749
      0.849671       0.951710
      0.273992       0.625192
      0.021132       0.023013
      0.374219       0.193847
      0.871723       0.360420
      0.850546       0.195764
      0.349563       0.563003
      0.441192       0.132337
      0.206100       0.801718
      0.022363       0.407108
      0.875668       0.488126
      0.830571       0.185071
      0.485257       0.836067
      0.182525       0.872744
      0.621543       0.655498
      0.777046       0.153053
      0.137306       0.443443
      0.985387       0.765393
      0.210871       0.001548
      0.085115       0.496711
      0.507155       0.395755
      0.050887       0.416251
      0.146900       0.561665
      0.801065       0.937226
      0.079946       0.965995
      0.137378       0.923438
      0.714998       0.061588
      0.700350       0.971854
      0.471041       0.605566
      0.596258       0.926797
      0.772132       0.055116
      0.605161       0.746979
      0.085734       0.918559
      0.275476       0.736575
      0.399509       0.791286
      0.665121       0.298276
      0.802682       0.749635
      0.484407       0.173191
      0.798822       0.505879
      0.762462       0.937886
      0.699555       0.584398
      0.153395       0.238907
      0.853196       0.518828
      0.783103       0.640834
      0.283493       0.399381
      0.317640       0.375591
      0.631414       0.193569
      0.741484       0.404510
      0.217131       0.888906
      0.502533       0.508482
      0.263222       0.354625
      0.614536       0.408713
      0.188640       0.582296
      0.879211       0.263050
      0.224951       0.922597
      0.769908       0.359578
      0.539751       0.662719
      0.345727       0.068851
      0.965640       0.349360
      0.320495       0.898746
      0.416463       0.862607
      0.790060       0.971694
      0.315029       0.069414
      0.376412       0.216566
      0.988761       0.714456
      0.802257       0.226323
      0.823393       0.392752
      0.863691       0.787986
      0.053621       0.366533
      0.425982       0.354395
      0.252949       0.978061
      0.618761       0.652266
      0.972431       0.922043
      0.887580       0.112586
      0.860103       0.335485
      0.978781       0.485484
      0.319576       0.140443
      0.294669       0.497523
      0.213532       0.891347
      0.766904       0.933579
      0.155622       0.425930
      0.378393       0.194144
      0.121425       0.379730
      0.314034       0.147441
      0.140850       0.689529
      0.079213       0.327476
      0.161422       0.489927
      0.745972       0.486623
      0.715255       0.638612
      0.995250       0.126371
      0.830292       0.252347
      0.078862       0.704798
      0.742609       0.371738
      0.347222       0.858805
      0.413565       0.291150
      0.247912       0.723036
      0.154575       0.355675
      0.944187       0.231281
      0.809240       0.539390
      0.897782       0.160326
      0.995876       0.004092
      0.331681       0.760532
      0.351622       0.434916
      0.903634       0.370958
      0.279851       0.248742
      0.172913       0.574942
      0.519358       0.358074
      0.871439       0.312755
      0.491970       0.067010
      0.436893       0.804105
      0.831411       0.212935
      0.405372       0.117732
      0.699810       0.117587
      0.947715       0.473942
      0.566740       0.506886
      0.650355       0.333082
      0.157352       0.910225
      0.158612       0.505244
      0.092564       0.163110
      0.113139       0.486646
      0.130011       0.022875
      0.260953       0.691041
      0.641795       0.017896
      0.855761       0.742689
      0.793488       0.685269
      0.566687       0.084013
      0.276103       0.284385
      0.118439       0.848356
      0.383980       0.402700
      0.213190       0.588923
      0.824957       0.881886
      0.941525       0.015271
      0.920594       0.313306
      0.507219       0.752477
      0.805935       0.852284
      0.351807       0.373815
      0.738393       0.763285
      0.822699       0.345975
      0.435287       0.343926
      0.442072       0.810706
      0.781490       0.999212
      0.192191       0.377584
      0.712531       0.209031
      0.029592       0.264902
      0.778953       0.322790
      0.294811       0.166852
      0.775885       0.097301
      0.865907       0.062835
      0.638978       0.942358
      0.291113       0.882751
      0.668003       0.602032
      0.092091       0.876943
      0.953844       0.459221
      0.341520       0.552272
      0.939870       0.266009
      0.563584       0.599729
      0.022075       0.617658
      0.237332       0.642387
      0.659774       0.307843
      0.961454       0.662983
      0.545109       0.696830
      0.373702       0.059964
      0.666721       0.266038
      0.383903       0.278661
      0.404043       0.276697
      0.838616       0.327140
      0.574412       0.677062
      0.677721       0.148919
      0.266340       0.712703
      0.341960       0.106561
      0.179023       0.488582
      0.534193       0.686384
      0.580182       0.072867
      0.917702       0.848590
      0.204959       0.536552
      0.007195       0.626209
      0.669639       0.856613
      0.964570       0.531546
      0.035191       0.926762
      0.476394       0.579139
      0.049293       0.114433
      0.765587       0.117391
      0.610182       0.077211
      0.284716       0.046503
      0.833196       0.853782
      0.607073       0.702493
      0.512403       0.178031
      0.670281       0.461867
      0.699835       0.502496
      0.647618       0.177936
      0.091232       0.878749
      0.072662       0.042524
      0.478342       0.548673
      0.682719       0.556929
      0.003307       0.244350
      0.982521       0.231400
      0.760851       0.317869
      0.646574       0.370482
      0.220493       0.761302
      0.462822       0.792389
      0.241197       0.318178
      0.348637       0.847089
      0.800454       0.308582
      0.178181       0.659833
      0.569339       0.549245
      0.127363       0.496703
      0.326092       0.860030
      0.088438       0.403802
      0.520866       0.940534
      0.109358       0.551341
      0.547702       0.721393
      0.638578       0.859433
      0.109946       0.167410
      0.298553       0.900631
      0.312587       0.820978
      0.570681       0.775881
      0.595619       0.134830
      0.014262       0.921024
      0.138695       0.251641
      0.590834       0.580540
      0.995914       0.657994
      0.474358       0.958107
      0.501996       0.710445
      0.058507       0.251680
      0.907811       0.355255
      0.440369       0.303834
      0.502157       0.604861
      0.246794       0.391369
      0.432514       0.007886
      0.845580       0.203508
      0.739214       0.496345
      0.544077       0.200042
      0.599137       0.238317
      0.328662       0.671391
      0.494150       0.941976
      0.168889       0.548246
      0.467561       0.300698
      0.119513       0.752148
      0.301718       0.214681
      0.081234       0.323589
      0.990505       0.588700
      0.049910       0.082200
      0.710155       0.760599
      0.461688       0.050983
      0.782180       0.648035
      0.789529       0.914506
      0.427007       0.954355
      0.339074       0.544009
      0.131063       0.473343
      0.810595       0.271810
      0.225995       0.451258
      0.773196       0.807535
      0.177175       0.942848
      0.977800       0.628143
      0.700270       0.296162
      0.039756       0.690596
      0.792994       0.444228
      0.727176       0.465160
      0.302046       0.287107
      0.546943       0.576783
      0.700846       0.804616
      0.869564       0.496762
      0.087587       0.462663
      0.003608       0.802644
      0.423661       0.485635
      0.779820       0.425150
      0.805768       0.622290
      0.499348       0.384199
      0.436807       0.094611
      0.301428       0.421732
      0.400320       0.643311
      0.857122       0.096942
      0.737601       0.802928
      0.086699       0.980970
      0.506113       0.130542
      0.072345       0.931558
      0.125727       0.424224
      0.137889       0.695453
      0.298202       0.494210
      0.379823       0.663091
      0.081952       0.327928
      0.105656       0.645053
      0.954915       0.241299
      0.979451       0.816436
      0.484116       0.735928
      0.440396       0.396615
      0.966603       0.180889
      0.581197       0.850113
      0.535303       0.265218
      0.724087       0.629721
      0.074519       0.420910
      0.264522       0.243347
      0.208798       0.299701
      0.065953       0.011984
      0.063231       0.995648
      0.679448       0.448829
      0.726745       0.288739
      0.963967       0.679616
      0.431272       0.011397
      0.521770       0.508445
      0.228460       0.527051
      0.538872       0.589484
      0.758648       0.843555
      0.705225       0.889774
      0.096618       0.299978
      0.884242       0.406936
      0.816765       0.155750
      0.568534       0.047720
      0.966500       0.495367
      0.208621       0.039811
      0.817299       0.357866
      0.476296       0.968846
      0.040328       0.777492
      0.224151       0.791678
      0.453916       0.207918
      0.730868       0.306769
      0.634782       0.077571
      0.928624       0.937068
      0.094573       0.900921
      0.987561       0.573367
      0.475420       0.435506
      0.572638       0.495490
      0.210139       0.622174
      0.086651       0.118959
      0.490123       0.254552
      0.595760       0.098068
      0.455410       0.876057
      0.140806       0.923804
      0.788294       0.542578
      0.707200       0.603765
      0.399071       0.600083
      0.107026       0.348893
      0.937728       0.779882
      0.932530       0.495190
      0.770183       0.303430
      0.981681       0.697866
      0.957087       0.301301
      0.579883       0.422421
      0.566944       0.944395
      0.981480       0.604442
      0.874698       0.217404
      0.621198       0.137863
      0.910097       0.460521
      0.401572       0.083866
      0.387017       0.314662
      0.550872       0.835162
      0.207299       0.175821
      0.608364       0.905166
      0.325725       0.344109
      0.264904       0.221146
      0.162031       0.231581
      0.319639       0.150818
      0.985544       0.295033
      0.877723       0.259758
      0.990198       0.545756
      0.701527       0.158701
      0.098721       0.900818
      0.910071       0.661919
      0.303959       0.060039
      0.104521       0.228451
      0.987013       0.452298
      0.181179       0.353696
      0.512820       0.670595
      0.282956       0.049960
      0.864006       0.602306
      0.217991       0.458227
      0.781350       0.401702
      0.956446       0.502809
      0.704051       0.137655
      0.672644       0.289416
      0.731611       0.222514
      0.088141       0.592044
      0.441119       0.289149
      0.140988       0.199639
      0.321363       0.229744
      0.069133       0.672943
      0.085840       0.294979
      0.907677       0.057922
      0.321112       0.718876
      0.733337       0.453260
      0.422005       0.359063
      0.752847       0.002850
      0.051012       0.480676
      0.859381       0.623121
      0.600203       0.087857
      0.705445       0.273669
      0.955503       0.699748
      0.607263       0.863850
      0.765373       0.126923
      0.021261       0.283147
      0.093856       0.690315
      0.706043       0.264952
      0.338767       0.932459
      0.907342       0.410794
      0.311485       0.317444
      0.231366       0.664563
      0.866962       0.765590
      0.556956       0.076736
      0.901151       0.938410
      0.469159       0.097224
      0.016097       0.684994
      0.415769       0.225540
      0.702671       0.400937
      0.300471       0.861414
      0.168200       0.930655
      0.467844       0.708207
      0.716616       0.075169
      0.797955       0.185332
      0.261601       0.778293
      0.420322       0.901160
      0.990490       0.917571
      0.366873       0.346838
      0.288620       0.197622
      0.673040       0.360597
      0.754485       0.428784
      0.181089       0.374735
      0.710833       0.788600
      0.661264       0.554483
      0.158158       0.525403
      0.321574       0.156148
      0.640729       0.628997
      0.044340       0.747552
      0.860542       0.696267
      0.332986       0.711215
      0.653392       0.415539
      0.883688       0.743895
      0.376992       0.414060
      0.548494       0.258360
      0.132387       0.897582
      0.929824       0.694918
      0.242407       0.997836
      0.565631       0.404840
      0.794805       0.024070
      0.810561       0.738552
      0.539683       0.895879
      0.573977       0.622873
      0.237742       0.224410
      0.125750       0.420299
      0.964389       0.420644
      0.100055       0.614033
      0.702409       0.002067
      0.707032       0.781443
      0.122040       0.647691
      0.355253       0.110912
      0.353983       0.443742
      0.364690       0.665859
      0.897272       0.217416
      0.856738       0.940259
      0.712296       0.432950
      0.424281       0.180878
      0.219602       0.445690
      0.463473       0.676560
      0.611740       0.014254
      0.681672       0.652858
      0.656945       0.818354
      0.685147       0.077597
      0.197385       0.449172
      0.871189       0.845618
      0.227797       0.182164
      0.896153       0.798542
      0.401602       0.571758
      0.705632       0.780727
      0.531668       0.144139
      0.573036       0.282261
      0.510491       0.990549
      0.921206       0.195408
      0.293821       0.778332
      0.661978       0.410513
      0.366740       0.290981
      0.225933       0.769073
      0.421052       0.385823
      0.976104       0.134414
      0.701716       0.124829
      0.767823       0.013472
      0.815445       0.606078
      0.324518       0.284401
      0.881268       0.115671
      0.039053       0.123103
      0.193991       0.626790
      0.042279       0.426557
      0.928684       0.518571
      0.369685       0.461409
      0.397522       0.234114
      0.232015       0.568557
      0.298997       0.346843
      0.941498       0.476205
      0.337571       0.885100
      0.003137       0.502204
      0.675766       0.537746
      0.426365       0.018945
      0.061710       0.533355
      0.163117       0.289688
      0.494365       0.925187
      0.486572       0.538669
      0.537906       0.020977
      0.917185       0.404918
      0.785822       0.803696
      0.452357       0.338859
      0.188340       0.682179
      0.350503       0.182461
      0.953816       0.289740
      0.036183       0.708578
      0.830368       0.654884
      0.276023       0.344689
      0.393453       0.449258
      0.547354       0.971120
      0.357701       0.873223
      0.635600       0.175583
      0.859224       0.199492
      0.198009       0.394610
      0.074838       0.743830
      0.934217       0.493084
      0.970729       0.356754
      0.842092       0.277373
      0.319298       0.661291
      0.967568       0.425141
      0.667170       0.865694
      0.913926       0.115218
      0.357258       0.160041
      0.622897       0.925995
      0.115653       0.723096
      0.924828       0.320884
      0.230121       0.227999
      0.356195       0.540748
      0.065562       0.182881
      0.337382       0.847342
      0.903099       0.555331
      0.778338       0.493776
      0.558209       0.372159
      0.300845       0.877272
      0.381543       0.855963
      0.612093       0.534257
      0.914194       0.565595
      0.079890       0.662525
      0.703314       0.417600
      0.940008       0.476339
      0.945712       0.299109
      0.376373       0.228271
      0.159216       0.464811
      0.046667       0.949087
      0.317476       0.089017
      0.769797       0.732320
      0.697924       0.338892
      0.991400       0.149777
      0.033660       0.912490
      0.574728       0.610067
      0.422700       0.559774
      0.884620       0.419870
      0.444167       0.708043
      0.726026       0.586510
      0.732972       0.256781
      0.185064       0.685141
      0.468732       0.696108
      0.179230       0.488515
      0.657746       0.845198
      0.365621       0.779010
      0.879350       0.188491
      0.464174       0.432491
      0.347886       0.170768
      0.196948       0.551830
      0.262022       0.331955
      0.511988       0.120380
      0.945798       0.537008
      0.018367       0.599004
      0.360216       0.030019
      0.540218       0.953003
      0.851200       0.319993
      0.775997       0.387402
      0.379464       0.868112
      0.277423       0.285764
      0.523234       0.550801
      0.877430       0.799405
      0.809655       0.010969
      0.492839       0.508614
      0.967589       0.674787
      0.352270       0.494664
      0.417003       0.695487
      0.919217       0.166221
      0.492041       0.137719
      0.889514       0.329944
      0.813352       0.353773
      0.111067       0.626277
      0.084927       0.612579
      0.186048       0.165375
      0.932967       0.027353
      0.539423       0.627249
      0.708048       0.252176
      0.102093       0.965000
      0.242966       0.157736
      0.438793       0.392261
      0.088388       0.669948
      0.289929       0.384859
      0.720995       0.560403
      0.346141       0.059297
      0.106245       0.182318
      0.585608       0.586871
      0.536082       0.012051
      0.238263       0.529628
      0.045696       0.426170
      0.453384       0.526742
      0.727880       0.509061
      0.722095       0.726787
      0.276072       0.975028
      0.159678       0.595190
      0.700299       0.140016
      0.246967       0.403288
      0.828341       0.173709
      0.057149       0.675954
      0.797494       0.711657
      0.068292       0.663031
      0.925741       0.016208
      0.975897       0.691616
      0.865890       0.996271
      0.358688       0.028984
      0.131203       0.326355
      0.166172       0.823411
      0.235970       0.568279
      0.154044       0.226337
      0.925004       0.199868
      0.252020       0.898059
      0.621978       0.638118
      0.526231       0.364895
      0.044680       0.178341
      0.815576       0.363980
      0.553953       0.829442
      0.009312       0.240995
      0.191268       0.216815
      0.627151       0.871916
      0.785278       0.505528
      0.095624       0.032469
      0.591290       0.578695
      0.432766       0.283716
      0.518163       0.142947
      0.235334       0.128046
      0.648352       0.189516
      0.419858       0.406264
      0.863644       0.290211
      0.291884       0.798447
      0.975142       0.373692
      0.891510       0.172700
      0.299730       0.084438
      0.232250       0.287788
      0.064718       0.128920
      0.529346       0.810241
      0.205876       0.443242
      0.178659       0.737046
      0.141204       0.102846
      0.231200       0.242621
      0.696878       0.858002
      0.372484       0.564017
      0.848839       0.634334
      0.508458       0.818853
      0.928860       0.180371
      0.170194       0.085666
      0.598246       0.746967
      0.551283       0.119225
      0.263877       0.053090
      0.933601       0.004738
      0.839844       0.484225
      0.159259       0.735184
      0.822358       0.695962
      0.777248       0.216091
      0.853440       0.171431
      0.146857       0.275003
      0.452606       0.422857
      0.778787       0.719799
      0.137877       0.022518
      0.538471       0.758926
      0.983831       0.654377
      0.958804       0.269801
      0.784646       0.320564
      0.987175       0.059891
      0.960583       0.135076
      0.672340       0.209244
      0.514629       0.062159
      0.172133       0.017731
      0.739487       0.703098
      0.847855       0.296924
      0.573574       0.949655
      0.812409       0.638032
      0.868601       0.460454
      0.990491       0.208231
      0.217760       0.138556
      0.283113       0.139018
      0.290366       0.977508
      0.437937       0.115029
      0.965075       0.884147
      0.826811       0.708128
      0.058354       0.358115
      0.767771       0.452792
      0.178338       0.816796
      0.109920       0.125089
      0.255017       0.762690
      0.463895       0.259149
      0.586562       0.673768
      0.127359       0.501593
      0.276468       0.993089
      0.263394       0.962482
      0.149358       0.262320
      0.495995       0.492815
      0.582916       0.908674
      0.238332       0.752293
      0.966243       0.836346
      0.519120       0.661337
      0.149046       0.269875
      0.848796       0.906197
      0.398068       0.004730
      0.685156       0.457017
      0.153154       0.774693
      0.271319       0.100595
      0.076931       0.276243
      0.546910       0.197701
      0.504862       0.978154
      0.148080       0.257136
      0.804112       0.140865
      0.299775       0.046553
      0.826241       0.719490
      0.981727       0.197905
      0.096452       0.268664
      0.753940       0.135606
      0.491387       0.168649
      0.845533       0.588963
      0.472002       0.044698
      0.514937       0.353580
      0.764692       0.479110
      0.860941       0.376290
      0.442673       0.690609
      0.096363       0.235469
      0.165823       0.613724
      0.496936       0.400467
      0.643723       0.899876
      0.269106       0.181069
      0.891041       0.318742
      0.511171       0.344905
      0.237972       0.165383
      0.032292       0.117891
      0.930502       0.666753
      0.414111       0.076107
      0.081955       0.480927
      0.198305       0.200464
      0.712639       0.290838
      0.150155       0.738069
      0.227272       0.370435
      0.173683       0.361695
      0.365050       0.548360
      0.586619       0.607643
      0.128570       0.821206
      0.309927       0.945083
      0.567252       0.860643
      0.530560       0.867232
      0.893169       0.572343
      0.578624       0.269530
      0.354484       0.791615
      0.299997       0.853284
      0.592494       0.518562
      0.733175       0.070157
      0.428894       0.874208
      0.269911       0.011952
      0.280228       0.410024
      0.812579       0.866261
      0.014000       0.123963
      0.374631       0.606769
      0.095219       0.331690
      0.270429       0.437351
      0.280105       0.670999
      0.566400       0.897910
      0.745178       0.048713
      0.678814       0.952683
      0.790297       0.250295
      0.062305       0.910119
      0.313278       0.030167
      0.401377       0.985326
      0.340148       0.729233
      0.322594       0.642008
      0.279483       0.980958
      0.483538       0.528939
      0.673337       0.480649
      0.248494       0.239088
      0.526077       0.501018
      0.369024       0.853119
      0.583281       0.091711
      0.117116       0.513950
      0.242713       0.172532
      0.332331       0.262922
      0.479257       0.676944
      0.472544       0.933977
      0.378530       0.145432
      0.154750       0.072450
      0.256197       0.356068
      0.091977       0.680987
      0.856348       0.129199
      0.401246       0.904490
      0.608208       0.090219
      0.611687       0.966995
      0.483600       0.444363
      0.766179       0.988291
      0.209986       0.344410
      0.164643       0.125764
      0.784505       0.820170
      0.242971       0.928085
      0.331259       0.891482
      0.594128       0.118244
      0.471512       0.215484
      0.768687       0.662359
      0.564643       0.932449
      0.643911       0.772316
      0.076847       0.116136
      0.189464       0.526266
      0.739459       0.227787
      0.234138       0.427363
      0.883789       0.795831
      0.286836       0.738142
      0.929361       0.261760
      0.563994       0.533692
      0.448750       0.040589
      0.516909       0.184657
      0.923768       0.988538
      0.943551       0.780627
      0.177415       0.503541
      0.835020       0.462168
      0.075718       0.021131
      0.266350       0.382612
      0.115930       0.620551
      0.505083       0.927046
      0.201311       0.899943
      0.092356       0.502975
      0.294948       0.266426
      0.270250       0.994893
