     -0.832555       0.832555
      0.832555      -0.832555
     -1.442027      -1.442027
     -0.919786       0.306595
      0.306595      -0.919786
     -0.578675      -0.964459
      0.964459       0.578675
      1.861649      -1.861649
     -0.964459      -0.578675
      0.578675       0.964459
     -1.861649       1.861649
     -0.069399      -0.902187
      0.415693       0.083139
     -0.435886       0.532750
      1.282043      -0.915745
     -0.902187      -0.069399
      0.083139       0.415693
     -0.915745       1.282043
      0.532750      -0.435886
     -0.237149      -0.237149
      1.277949       1.277949
     -0.191697       0.830687
      0.830687      -0.191697
     -0.979903      -0.979903
      0.676447       0.676447
     -0.498179       0.033212
      0.033212      -0.498179
      1.547319       0.273056
      0.145346      -1.889503
     -1.083130      -0.235463
      0.216535       0.649606
     -1.017425       1.598810
     -0.091742      -0.057763
      0.531039       1.593116
      1.294806      -0.061657
     -0.697375      -2.092126
     -1.269585       0.467742
      0.329076      -0.632839
     -0.057763      -0.091742
      1.593116       0.531039
     -0.061657       1.294806
     -2.092126      -0.697375
     -0.632839       0.329076
      0.467742      -1.269585
     -0.235463      -1.083130
      0.649606       0.216535
      1.598810      -1.017425
      0.273056       1.547319
     -1.889503       0.145346
     -0.066960      -0.314197
      0.947741       0.055749
     -0.536940       0.417620
      0.858155      -1.309816
     -0.314197      -0.066960
      0.055749       0.947741
     -1.309816       0.858155
      0.417620      -0.536940
     -0.634652      -0.634652
      1.016339       1.016339
     -0.047097       0.555745
      0.555745      -0.047097
     -1.239183      -1.239183
      0.319717       0.319717
     -0.801466       0.166342
      0.166342      -0.801466
      1.486109       1.486109
     -0.338267       0.935209
      0.935209      -0.338267
     -2.761271      -2.761271
     -0.857549       0.805576
      0.805576      -0.857549
     -0.558045      -0.915193
      1.013467       0.597685
      1.612744      -2.073528
     -0.915193      -0.558045
      0.597685       1.013467
     -2.073528       1.612744
      2.174344       0.639513
     -0.516171       1.273223
      0.642388      -0.353969
     -1.537746      -0.545652
      0.166386       0.267227
      0.029313      -1.260473
     -0.299724      -1.498621
      0.048260       0.024553
      1.917932      -0.230152
     -0.583209      -0.201472
      0.226210       1.131048
     -1.637745       0.925682
     -0.201472      -0.583209
      1.131048       0.226210
      0.925682      -1.637745
     -1.498621      -0.299724
      0.024553       0.048260
     -0.230152       1.917932
      0.639513       2.174344
     -0.353969       0.642388
      1.273223      -0.516171
     -0.545652      -1.537746
      0.267227       0.166386
     -1.260473       0.029313
      1.277886       0.045102
     -0.199126       0.124687
      0.538881      -1.565320
     -1.271865      -0.491788
      0.341531       0.637955
     -0.670321       2.132840
      0.186708       1.904423
      1.523021      -0.286946
     -0.971635      -1.619391
     -1.107204       0.231174
      0.209455      -0.617044
      1.619391       0.971635
     -0.231174       1.107204
      0.617044      -0.209455
     -1.904423      -0.186708
      0.286946      -1.523021
     -0.045102      -1.277886
     -0.124687       0.199126
      1.565320      -0.538881
     -0.637955      -0.341531
      0.491788       1.271865
     -2.132840       0.670321
      1.973039       1.740917
     -0.588382       0.988982
      0.939871      -0.568564
     -1.740917      -1.973039
     -0.988982       0.588382
      0.568564      -0.939871
     -0.819302      -0.845311
      0.845311       0.819302
      3.001818      -3.001818
     -0.927842      -0.322303
      0.322303       0.927842
     -1.463878       1.463878
     -0.178838      -0.816434
      0.816434       0.178838
     -0.281242       0.281242
      1.258479      -1.258479
     -0.527850      -0.039921
      0.039921       0.527850
     -0.998122       0.998122
      0.655740      -0.655740
     -0.426882      -0.535106
      1.296525       0.887096
     -0.062879       0.925222
      0.368194      -0.076073
     -0.887096      -1.296525
      0.535106       0.426882
     -0.925222       0.062879
      0.076073      -0.368194
      1.904423       0.186708
     -0.286946       1.523021
     -1.619391      -0.971635
     -0.617044       0.209455
      0.231174      -1.107204
     -0.491788      -1.271865
      0.637955       0.341531
      2.132840      -0.670321
      0.045102       1.277886
     -1.565320       0.538881
      0.124687      -0.199126
     -0.341531      -0.637955
      1.271865       0.491788
      0.670321      -2.132840
     -1.277886      -0.045102
     -0.538881       1.565320
      0.199126      -0.124687
      0.971635       1.619391
     -0.209455       0.617044
      1.107204      -0.231174
     -0.186708      -1.904423
     -1.523021       0.286946
     -0.039921      -0.527850
      0.527850       0.039921
     -0.655740       0.655740
      0.998122      -0.998122
     -0.816434      -0.178838
      0.178838       0.816434
     -1.258479       1.258479
      0.281242      -0.281242
     -0.535106      -0.426882
      0.887096       1.296525
     -0.076073       0.368194
      0.925222      -0.062879
     -1.296525      -0.887096
      0.426882       0.535106
     -0.368194       0.076073
      0.062879      -0.925222
      1.740917       1.973039
     -0.568564       0.939871
      0.988982      -0.588382
     -1.973039      -1.740917
     -0.939871       0.568564
      0.588382      -0.988982
     -0.322303      -0.927842
      0.927842       0.322303
      1.463878      -1.463878
     -0.845311      -0.819302
      0.819302       0.845311
     -3.001818       3.001818
     -0.000858      -0.217071
      0.124003       0.001459
     -0.807400       0.819918
      0.857952      -0.844441
     -0.924224      -0.292112
      0.290053       0.897783
     -1.398764       1.441803
     -0.515521      -0.502713
      1.093593       1.139639
     -0.095328       0.655740
      0.714045      -0.092858
     -1.158991      -1.111198
      0.477939       0.489963
     -0.676329       0.105207
      0.102934      -0.733821
      0.707527       2.405593
     -0.465472       0.737341
      1.187866      -0.639620
     -2.459968      -0.652645
     -0.736684       0.478636
      0.662965      -1.183267
     -0.458880      -0.980077
      0.954397       0.452657
      1.690711      -1.618766
     -0.938291      -0.705336
      0.691446       0.915698
     -2.025429       2.263715
      1.678903       0.380927
     -0.081983       1.411934
     -1.905057      -0.965577
     -0.702453       0.318026
      0.393218      -1.179655
     -0.459953      -1.492043
      0.315213       0.180331
      2.072750      -0.119124
     -0.437750      -0.129634
      0.135181       1.099078
     -1.514037       0.850745
      0.213833      -0.278974
     -0.207323      -0.364957
      1.465737       0.466864
      0.172095      -2.089730
     -1.121373      -0.127291
      0.118424       0.391968
     -0.812952       1.526068
      0.274190      -0.205298
      0.971265       1.867817
     -0.304808       0.695235
      1.173887      -0.372551
     -0.364494      -1.705833
     -1.427625       0.102640
      2.405593       0.707527
     -0.639620       1.187866
      0.737341      -0.465472
     -0.652645      -2.459968
     -1.183267       0.662965
      0.478636      -0.736684
     -0.705336      -0.938291
      0.915698       0.691446
      2.263715      -2.025429
     -0.980077      -0.458880
      0.452657       0.954397
     -1.618766       1.690711
     -0.292112      -0.924224
      0.897783       0.290053
      1.441803      -1.398764
     -0.217071      -0.000858
      0.001459       0.124003
     -0.844441       0.857952
      0.819918      -0.807400
     -0.502713      -0.515521
      1.139639       1.093593
     -0.092858       0.714045
      0.655740      -0.095328
     -1.111198      -1.158991
      0.489963       0.477939
     -0.733821       0.102934
      0.105207      -0.676329
     -0.129634      -0.437750
      1.099078       0.135181
     -0.278974       0.213833
      0.850745      -1.514037
     -1.492043      -0.459953
      0.180331       0.315213
     -0.119124       2.072750
      0.380927       1.678903
      1.411934      -0.081983
     -0.965577      -1.905057
     -1.179655       0.393218
      0.318026      -0.702453
      1.867817       0.971265
     -0.372551       1.173887
      0.695235      -0.304808
     -1.705833      -0.364494
      0.102640      -1.427625
     -0.127291      -1.121373
      0.391968       0.118424
     -0.205298       0.274190
      1.526068      -0.812952
     -0.364957      -0.207323
      0.466864       1.465737
     -2.089730       0.172095
      2.094758       0.123221
     -0.478607       1.480342
      0.346370      -0.200016
     -1.506213      -0.830528
      0.228214       0.301732
     -0.403646       0.118517
      0.123829      -1.102668
     -0.100036      -1.409594
      1.695621      -0.391297
     -0.683870      -0.306562
      0.382038       1.189364
     -1.897141       0.935923
     -0.306562      -0.683870
      1.189364       0.382038
      0.935923      -1.897141
     -1.409594      -0.100036
     -0.391297       1.695621
      0.123221       2.094758
     -0.200016       0.346370
      1.480342      -0.478607
     -0.830528      -1.506213
      0.301732       0.228214
     -1.102668       0.123829
      0.118517      -0.403646
     -0.100380      -0.651033
      0.737928       0.096832
     -0.505717       0.487101
      1.090134      -1.160465
     -0.651033      -0.100380
      0.096832       0.737928
     -1.160465       1.090134
      0.487101      -0.505717
     -0.804247      -0.804247
      0.860570       0.860570
     -0.002567       0.216481
      0.216481      -0.002567
     -1.409902      -1.409902
     -0.906418       0.283546
      0.283546      -0.906418
      1.668497       1.668497
     -0.464521       0.968218
      0.968218      -0.464521
     -2.123283      -2.123283
     -0.930787       0.690175
      0.690175      -0.930787
     -0.465000      -0.723783
      1.198147       0.654307
      0.621326      -2.437511
     -0.723783      -0.465000
      0.654307       1.198147
     -2.437511       0.621326
      1.430026       0.084119
      0.354785      -1.688776
     -1.164358      -0.383471
      0.316066       0.713812
     -1.001452       1.874512
     -0.249389      -0.189235
      0.832976       1.534429
     -0.130021       0.426689
      1.117721      -0.138960
     -0.166388      -2.067967
     -1.477128       0.448609
      0.188586      -0.335090
     -0.189235      -0.249389
      1.534429       0.832976
     -0.138960       1.117721
      0.426689      -0.130021
     -2.067967      -0.166388
     -0.335090       0.188586
      0.448609      -1.477128
     -0.383471      -1.164358
      0.713812       0.316066
      1.874512      -1.001452
      0.084119       1.430026
     -1.688776       0.354785
      2.175036       2.175036
     -0.706612       0.923051
      0.923051      -0.706612
     -1.642228      -1.642228
     -0.966112       0.447172
      0.447172      -0.966112
     -0.648158      -1.173249
      0.750288       0.478997
      2.425485      -0.742495
     -1.173249      -0.648158
      0.478997       0.750288
     -0.742495       2.425485
     -0.098690      -0.709931
      0.681004       0.099881
     -0.493696       0.499906
      1.137904      -1.114442
     -0.709931      -0.098690
      0.099881       0.681004
     -1.114442       1.137904
      0.499906      -0.493696
      1.431235       1.431235
     -0.298842       0.915501
      0.915501      -0.298842
     -0.841923      -0.841923
      0.823154       0.823154
     -0.124998       0.000490
      0.000490      -0.124998
      1.660225       0.019380
      0.006637      -1.679186
     -0.930823      -0.303794
      0.301476       0.904428
     -1.414095       1.458633
      0.604200       1.812601
     -0.164296       0.387944
      1.316802      -0.250233
     -0.614458      -1.843375
     -1.315252       0.276244
      0.185048      -0.426666
     -0.152590      -0.219580
      1.568090       0.689959
     -0.104740       1.199443
      0.206871      -0.067523
     -2.112757      -0.385346
     -0.493722       0.270060
      0.469588      -1.379716
     -0.309665      -1.137611
      0.682246       0.266681
      1.743015      -1.006834
      0.168435       1.485288
     -1.788067       0.280638
      0.949488       2.848464
     -0.643791       0.826962
      1.018125      -0.764526
     -1.896850      -1.315833
     -0.855051       0.417041
      0.467880      -1.074512
     -0.745431      -1.145834
      0.741469       0.534649
      2.672210      -0.428873
     -1.184316      -0.551117
      0.421430       0.748088
     -0.900419       2.203154
     -0.029341      -0.839146
      0.249376       0.041646
     -0.507682       0.635071
      1.200236      -0.861580
     -0.979777      -0.110501
      0.118571       0.490024
     -0.937080       1.382685
      0.417282      -0.340385
     -0.245298      -0.267265
      1.376048       1.142820
     -0.180677       0.921679
      0.717522      -0.180623
     -0.917945      -1.050981
      0.697549       0.628938
     -0.631153       0.025900
      0.035879      -0.360990
      2.150848       0.379561
     -0.498293       1.369095
      0.518456      -0.290285
     -1.542391      -0.674379
      0.188784       0.276121
     -0.081199       0.025843
      0.083612      -1.193977
     -0.195590      -1.469431
      1.811355      -0.308848
     -0.645817      -0.251915
      0.296946       1.157757
     -1.747683       0.952330
     -0.306079      -0.881961
      0.961088       0.313564
      1.376802      -1.513345
     -1.631869      -0.031024
     -0.047062       1.687518
      0.572186       1.877173
     -0.188401       0.419405
      1.336693      -0.294670
     -0.641190      -1.779077
     -1.294165       0.233504
      0.160952      -0.394115
     -0.116944      -0.460898
      1.010952       0.110613
     -0.399759       0.318741
      0.907731      -1.411290
     -0.119245      -0.020151
      0.017946       0.851441
     -1.200688       0.831246
      0.506324      -0.651534
     -0.678681      -0.604484
      0.923103       1.079250
     -0.042035       0.375254
      0.670371      -0.030805
     -1.364949      -1.111352
      0.282074       0.311225
     -0.686914       0.167425
      0.165818      -0.919951
      1.910623       1.364730
     -0.485214       1.063614
      0.870967      -0.436690
     -1.176030      -2.709981
     -1.015990       0.739233
      0.637048      -0.844841
     -0.415799      -0.721363
      1.209138       0.565893
      0.787683      -2.247779
     -0.717696      -0.512640
      0.743091       1.173996
     -2.635696       0.333249
      2.627981       0.463761
     -0.730623       1.157888
      0.737473      -0.521205
     -0.854547      -2.245669
     -1.189845       0.569056
      0.428581      -0.742472
     -0.651659      -0.845771
      1.003652       0.750022
      1.184956      -2.764896
     -0.875659      -0.426974
      0.469687       1.056009
     -1.868041       1.379208
     -0.175250      -0.937003
      0.691159       0.175557
     -0.251849       0.279241
      1.389057      -1.112781
     -0.658605      -0.024393
      0.035672       0.333162
     -0.906580       1.067353
      0.697427      -0.616173
     -0.519051      -0.655132
      1.185869       0.847049
     -0.021156       0.828925
      0.185388      -0.029973
     -0.935128      -1.406055
      0.390788       0.317450
     -0.997769       0.118722
      0.124987      -0.496745
     -0.174203      -0.418274
      1.296555       0.251332
      0.644214      -1.801932
     -1.335538      -0.275587
      0.174889       0.396830
     -0.572445       1.853169
      0.032730       1.669253
      1.641691      -0.006290
     -1.417722      -1.486879
     -0.943580       0.316186
      0.312309      -0.904053
      1.723884       0.992539
     -0.294819       1.137159
      0.666887      -0.255033
     -1.810438      -0.272806
      0.190701      -1.489533
     -0.092647      -1.211271
      0.106393       0.034880
     -0.155766       0.228421
      1.564918      -0.662869
     -0.522382      -0.285975
      0.478974       1.361044
     -2.126110       0.425222
     -0.041778      -0.400582
      0.643199       0.032090
     -0.678974       0.617048
      0.934764      -1.062439
     -0.713441      -0.172210
      0.171153       0.904665
     -1.352043       1.140550
      0.276625      -0.299885
     -0.426192      -0.341183
      0.910292       1.388034
     -0.110761       0.453638
      0.992885      -0.102540
     -1.215485      -0.845337
      0.495090       0.631285
     -0.204247       0.035610
      0.026355      -0.861613
      0.834739       2.207421
     -0.408953       0.726812
      1.203448      -0.547749
     -2.677732      -0.290357
     -0.721816       0.525925
      0.758327      -1.161598
     -0.483547      -1.082225
      0.850523       0.426426
      1.939131      -1.298684
     -1.030790      -0.753414
      0.629417       0.825944
     -0.963013       2.787669
      1.788762       0.315664
     -0.173854       1.465338
     -1.767722      -0.965198
     -0.661404       0.263614
      0.312202      -1.158170
     -0.489033      -1.388063
      0.489928       0.274028
      2.136012      -0.340129
     -0.195342      -0.061878
      0.095508       1.182319
     -1.545160       0.701108
      0.186884      -0.268195
     -0.198099      -0.448009
      1.316385       0.294837
      0.615669      -1.867193
     -1.314365      -0.231947
      0.150419       0.362120
     -0.602496       1.789503
      1.374674       1.484648
     -0.295581       0.882230
      0.948273      -0.301157
     -0.020456      -1.697875
     -1.650011       0.044595
      1.669253       0.032730
     -0.006290       1.641691
     -1.486879      -1.417722
     -0.904053       0.312309
      0.316186      -0.943580
     -0.275587      -1.335538
      0.396830       0.174889
      1.853169      -0.572445
     -0.418274      -0.174203
      0.251332       1.296555
     -1.801932       0.644214
     -0.285975      -0.522382
      1.361044       0.478974
      0.425222      -2.126110
     -1.211271      -0.092647
      0.034880       0.106393
     -0.662869       1.564918
      0.228421      -0.155766
      0.992539       1.723884
     -0.255033       0.666887
      1.137159      -0.294819
     -0.272806      -1.810438
     -1.489533       0.190701
     -0.024393      -0.658605
      0.333162       0.035672
     -0.616173       0.697427
      1.067353      -0.906580
     -0.937003      -0.175250
      0.175557       0.691159
     -1.112781       1.389057
      0.279241      -0.251849
     -0.655132      -0.519051
      0.847049       1.185869
     -0.029973       0.185388
      0.828925      -0.021156
     -1.406055      -0.935128
      0.317450       0.390788
     -0.496745       0.124987
      0.118722      -0.997769
      0.463761       2.627981
     -0.521205       0.737473
      1.157888      -0.730623
     -2.245669      -0.854547
     -0.742472       0.428581
      0.569056      -1.189845
     -0.426974      -0.875659
      1.056009       0.469687
      1.379208      -1.868041
     -0.845771      -0.651659
      0.750022       1.003652
     -2.764896       1.184956
     -0.061878      -0.195342
      1.182319       0.095508
     -0.268195       0.186884
      0.701108      -1.545160
     -1.388063      -0.489033
      0.274028       0.489928
     -0.340129       2.136012
      0.315664       1.788762
      1.465338      -0.173854
     -0.965198      -1.767722
     -1.158170       0.312202
      0.263614      -0.661404
      1.484648       1.374674
     -0.301157       0.948273
      0.882230      -0.295581
     -1.697875      -0.020456
      0.044595      -1.650011
     -0.231947      -1.314365
      0.362120       0.150419
      1.789503      -0.602496
     -0.448009      -0.198099
      0.294837       1.316385
     -1.867193       0.615669
      2.207421       0.834739
     -0.547749       1.203448
      0.726812      -0.408953
     -0.290357      -2.677732
     -1.161598       0.758327
      0.525925      -0.721816
     -0.753414      -1.030790
      0.825944       0.629417
      2.787669      -0.963013
     -1.082225      -0.483547
      0.426426       0.850523
     -1.298684       1.939131
     -0.172210      -0.713441
      0.904665       0.171153
     -0.299885       0.276625
      1.140550      -1.352043
     -0.400582      -0.041778
      0.032090       0.643199
     -1.062439       0.934764
      0.617048      -0.678974
     -0.341183      -0.426192
      1.388034       0.910292
     -0.102540       0.992885
      0.453638      -0.110761
     -0.845337      -1.215485
      0.631285       0.495090
     -0.861613       0.026355
      0.035610      -0.204247
     -0.020151      -0.119245
      0.851441       0.017946
     -0.651534       0.506324
      0.831246      -1.200688
     -0.460898      -0.116944
      0.110613       1.010952
     -1.411290       0.907731
      0.318741      -0.399759
     -0.604484      -0.678681
      1.079250       0.923103
     -0.030805       0.670371
      0.375254      -0.042035
     -1.111352      -1.364949
      0.311225       0.282074
     -0.919951       0.165818
      0.167425      -0.686914
      1.364730       1.910623
     -0.436690       0.870967
      1.063614      -0.485214
     -2.709981      -1.176030
     -0.844841       0.637048
      0.739233      -1.015990
     -0.512640      -0.717696
      1.173996       0.743091
      0.333249      -2.635696
     -0.721363      -0.415799
      0.565893       1.209138
     -2.247779       0.787683
      1.877173       0.572186
     -0.294670       1.336693
      0.419405      -0.188401
     -1.779077      -0.641190
     -0.394115       0.160952
      0.233504      -1.294165
     -0.031024      -1.631869
      1.687518      -0.047062
     -0.881961      -0.306079
      0.313564       0.961088
     -1.513345       1.376802
     -0.251915      -0.645817
      1.157757       0.296946
      0.952330      -1.747683
     -1.469431      -0.195590
     -0.308848       1.811355
      0.379561       2.150848
     -0.290285       0.518456
      1.369095      -0.498293
     -0.674379      -1.542391
      0.276121       0.188784
     -1.193977       0.083612
      0.025843      -0.081199
      2.848464       0.949488
     -0.764526       1.018125
      0.826962      -0.643791
     -1.315833      -1.896850
     -1.074512       0.467880
      0.417041      -0.855051
     -0.551117      -1.184316
      0.748088       0.421430
      2.203154      -0.900419
     -1.145834      -0.745431
      0.534649       0.741469
     -0.428873       2.672210
     -0.110501      -0.979777
      0.490024       0.118571
     -0.340385       0.417282
      1.382685      -0.937080
     -0.839146      -0.029341
      0.041646       0.249376
     -0.861580       1.200236
      0.635071      -0.507682
     -0.267265      -0.245298
      1.142820       1.376048
     -0.180623       0.717522
      0.921679      -0.180677
     -1.050981      -0.917945
      0.628938       0.697549
     -0.360990       0.035879
      0.025900      -0.631153
      1.485288       0.168435
      0.280638      -1.788067
     -1.137611      -0.309665
      0.266681       0.682246
     -1.006834       1.743015
     -0.219580      -0.152590
      0.689959       1.568090
     -0.067523       0.206871
      1.199443      -0.104740
     -0.385346      -2.112757
     -1.379716       0.469588
      0.270060      -0.493722
      1.812601       0.604200
     -0.250233       1.316802
      0.387944      -0.164296
     -1.843375      -0.614458
     -0.426666       0.185048
      0.276244      -1.315252
     -0.303794      -0.930823
      0.904428       0.301476
      1.458633      -1.414095
      0.019380       1.660225
     -1.679186       0.006637
      1.065404       0.004146
     -0.536864       0.361418
      0.693077      -1.362069
      0.004146       1.065404
     -1.362069       0.693077
      0.361418      -0.536864
     -0.506218      -0.506218
      1.119351       1.119351
     -0.095658       0.687973
      0.687973      -0.095658
     -1.133224      -1.133224
      0.487347       0.487347
     -0.703079       0.103139
      0.103139      -0.703079
      1.619814       1.619814
     -0.432091       0.963685
      0.963685      -0.432091
     -2.224421      -2.224421
     -0.915747       0.720772
      0.720772      -0.915747
     -0.490805      -0.773155
      1.151562       0.642408
      0.853302      -2.407077
     -0.773155      -0.490805
      0.642408       1.151562
     -2.407077       0.853302
      2.077072       0.706633
     -0.458818       1.268497
      0.630742      -0.324404
     -1.603597      -0.527809
      0.068065      -1.301019
     -0.267551      -1.556400
      1.883574      -0.130367
     -0.661528      -0.218973
      0.236900       1.074042
     -1.590519       1.034521
     -0.218973      -0.661528
      1.074042       0.236900
      1.034521      -1.590519
     -1.556400      -0.267551
     -0.130367       1.883574
      0.706633       2.077072
     -0.324404       0.630742
      1.268497      -0.458818
     -0.527809      -1.603597
     -1.301019       0.068065
      2.303507       2.303507
     -0.740601       0.904465
      0.904465      -0.740601
     -1.588640      -1.588640
     -0.959276       0.410736
      0.410736      -0.959276
     -0.633613      -1.120715
      0.805374       0.507001
      2.366528      -1.018003
     -1.120715      -0.633613
      0.507001       0.805374
     -1.018003       2.366528
     -0.017320      -1.040544
     -0.374440       0.538480
      1.353758      -0.729781
     -1.040544      -0.017320
     -0.729781       1.353758
      0.538480      -0.374440
     -0.454579      -0.454579
      1.156457       1.156457
     -0.116113       0.727149
      0.727149      -0.116113
     -1.096323      -1.096323
      0.536566       0.536566
     -0.661622       0.083704
      0.083704      -0.661622
      1.586526       0.247988
      0.082493      -1.862615
     -1.043499      -0.241022
      0.226292       0.700271
     -1.091063       1.560634
      0.515840       1.638757
      1.321193      -0.090218
     -0.734304      -2.027757
     -1.263967       0.429464
      0.308833      -0.623031
      1.638757       0.515840
     -0.090218       1.321193
     -2.027757      -0.734304
     -0.623031       0.308833
      0.429464      -1.263967
     -0.241022      -1.043499
      0.700271       0.226292
      1.560634      -1.091063
      0.247988       1.586526
     -1.862615       0.082493
      1.864636       0.117904
     -0.247181       1.567417
     -1.586884      -1.065679
     -0.685741       0.227508
      0.245305      -1.062987
     -0.443337      -1.275895
      0.615174       0.311759
      2.055682      -0.694394
      0.084040       1.303599
     -1.621421       0.535864
     -0.321352      -0.638737
      1.256918       0.444693
      0.747995      -2.048249
     -1.318774      -0.073819
     -0.508370       1.620643
      1.060022       1.565224
     -0.218088       0.676310
      1.054559      -0.232935
     -0.093872      -1.881907
     -1.575433       0.268976
     -0.089071      -0.685922
      0.663901       0.090033
     -0.519050       0.524001
      1.116242      -1.099287
     -0.725926      -0.109094
      0.109907       0.704513
     -1.135624       1.153892
      0.473338      -0.468976
     -0.549487      -0.375277
      0.710083       1.348359
      1.045809      -0.006713
     -1.367973      -0.712657
      0.360491       0.525917
      0.015088      -1.060254
      0.949274       2.366857
     -0.493728       0.789739
      1.137660      -0.629880
     -2.411514      -0.919306
     -0.788824       0.504256
      0.646310      -1.134459
     -0.423323      -0.971314
      0.951900       0.419369
      1.627915      -1.579799
     -0.918425      -0.736365
      0.725096       0.902026
     -2.137669       2.379669
      1.303599       0.084040
      0.535864      -1.621421
     -1.275895      -0.443337
      0.311759       0.615174
     -0.694394       2.055682
      0.117904       1.864636
      1.567417      -0.247181
     -1.065679      -1.586884
     -1.062987       0.245305
      0.227508      -0.685741
      1.565224       1.060022
     -0.232935       1.054559
      0.676310      -0.218088
     -1.881907      -0.093872
      0.268976      -1.575433
     -0.073819      -1.318774
      1.620643      -0.508370
     -0.638737      -0.321352
      0.444693       1.256918
     -2.048249       0.747995
      2.366857       0.949274
     -0.629880       1.137660
      0.789739      -0.493728
     -0.919306      -2.411514
     -1.134459       0.646310
      0.504256      -0.788824
     -0.736365      -0.918425
      0.902026       0.725096
      2.379669      -2.137669
     -0.971314      -0.423323
      0.419369       0.951900
     -1.579799       1.627915
     -0.109094      -0.725926
      0.704513       0.109907
     -0.468976       0.473338
      1.153892      -1.135624
     -0.685922      -0.089071
      0.090033       0.663901
     -1.099287       1.116242
      0.524001      -0.519050
     -0.375277      -0.549487
      1.348359       0.710083
     -0.006713       1.045809
     -0.712657      -1.367973
      0.525917       0.360491
     -1.060254       0.015088
      2.352610       0.138389
     -0.654612       1.342337
      0.565959      -0.366729
     -0.009981      -2.405528
